[
  [ 2, 0, 9, 255 ],       [ 7, 1, 11, 255 ],      [ 11, 3, 14, 255 ],
  [ 16, 4, 16, 255 ],     [ 21, 5, 18, 255 ],     [ 25, 6, 20, 255 ],
  [ 30, 8, 23, 255 ],     [ 34, 9, 25, 255 ],     [ 39, 10, 27, 255 ],
  [ 44, 11, 29, 255 ],    [ 53, 14, 34, 255 ],    [ 52, 16, 41, 255 ],
  [ 51, 18, 49, 255 ],    [ 50, 20, 56, 255 ],    [ 49, 22, 63, 255 ],
  [ 48, 24, 71, 255 ],    [ 48, 27, 78, 255 ],    [ 47, 29, 86, 255 ],
  [ 46, 31, 93, 255 ],    [ 45, 33, 100, 255 ],   [ 43, 37, 115, 255 ],
  [ 51, 36, 108, 255 ],   [ 60, 36, 101, 255 ],   [ 68, 35, 94, 255 ],
  [ 77, 34, 87, 255 ],    [ 85, 33, 80, 255 ],    [ 94, 33, 74, 255 ],
  [ 102, 32, 67, 255 ],   [ 111, 31, 60, 255 ],   [ 119, 30, 53, 255 ],
  [ 136, 29, 39, 255 ],   [ 133, 33, 52, 255 ],   [ 131, 36, 66, 255 ],
  [ 128, 40, 79, 255 ],   [ 125, 44, 93, 255 ],   [ 123, 47, 106, 255 ],
  [ 120, 51, 120, 255 ],  [ 118, 54, 133, 255 ],  [ 115, 58, 147, 255 ],
  [ 112, 62, 160, 255 ],  [ 107, 69, 187, 255 ],  [ 110, 71, 192, 255 ],
  [ 112, 72, 197, 255 ],  [ 115, 74, 202, 255 ],  [ 117, 76, 207, 255 ],
  [ 120, 77, 212, 255 ],  [ 122, 79, 217, 255 ],  [ 125, 80, 222, 255 ],
  [ 127, 82, 227, 255 ],  [ 130, 84, 232, 255 ],  [ 135, 87, 242, 255 ],
  [ 140, 90, 235, 255 ],  [ 146, 93, 228, 255 ],  [ 151, 96, 221, 255 ],
  [ 157, 99, 214, 255 ],  [ 162, 102, 207, 255 ], [ 168, 106, 199, 255 ],
  [ 173, 109, 192, 255 ], [ 179, 112, 185, 255 ], [ 184, 115, 178, 255 ],
  [ 195, 121, 164, 255 ], [ 198, 122, 172, 255 ], [ 200, 123, 181, 255 ],
  [ 203, 125, 189, 255 ], [ 206, 126, 197, 255 ], [ 208, 127, 205, 255 ],
  [ 211, 128, 214, 255 ], [ 213, 129, 222, 255 ], [ 216, 130, 230, 255 ],
  [ 219, 132, 238, 255 ], [ 224, 134, 255, 255 ], [ 215, 141, 249, 255 ],
  [ 206, 149, 242, 255 ], [ 197, 156, 236, 255 ], [ 188, 163, 230, 255 ],
  [ 179, 171, 224, 255 ], [ 169, 178, 217, 255 ], [ 160, 186, 211, 255 ],
  [ 151, 193, 205, 255 ], [ 142, 200, 199, 255 ], [ 124, 215, 186, 255 ],
  [ 115, 219, 188, 255 ], [ 106, 222, 191, 255 ], [ 98, 226, 193, 255 ],
  [ 89, 229, 196, 255 ],  [ 80, 233, 198, 255 ],  [ 71, 236, 201, 255 ],
  [ 62, 240, 203, 255 ],  [ 53, 243, 206, 255 ],  [ 45, 247, 208, 255 ],
  [ 27, 254, 213, 255 ],  [ 48, 254, 217, 255 ],  [ 68, 254, 221, 255 ],
  [ 89, 254, 224, 255 ],  [ 110, 254, 228, 255 ], [ 131, 254, 232, 255 ],
  [ 151, 255, 236, 255 ], [ 172, 255, 240, 255 ], [ 193, 255, 244, 255 ],
  [ 214, 255, 247, 255 ], [ 255, 255, 255, 255 ]
]