1,0,55
0,0,56
2,0,54
3,0,54
4,0,53
5,0,52
6,0,51
7,0,51
8,0,50
9,0,49
10,0,48
11,0,48
12,0,47
13,0,46
14,0,45
15,0,44
16,0,42
17,0,41
18,0,40
19,0,38
20,0,37
21,0,35
22,0,33
23,0,31
24,0,28
25,0,25
26,0,22
27,0,19
28,0,14
29,0,8
30,0,1
31,0,0
32,0,0
33,0,0
34,0,0
35,0,0
36,0,0
1,0,56
1,0,57
1,0,58
1,0,59
1,0,60
1,0,61
1,0,62
1,0,63
1,0,64
1,1,53
1,1,54
1,1,55
1,1,56
1,1,57
1,1,58
1,1,59
1,1,60
1,1,61
1,1,62
1,1,63
1,2,50
1,2,51
1,2,52
1,2,53
1,2,54
1,2,55
1,2,56
1,2,57
1,2,58
1,2,59
1,2,60
1,2,61
1,3,47
1,3,48
1,3,49
1,3,50
1,3,51
1,3,52
1,3,53
1,3,54
1,3,55
1,3,56
1,3,57
1,3,58
1,3,59
1,4,45
1,4,46
1,4,47
1,4,48
1,4,49
1,4,50
1,4,51
1,4,52
1,4,53
1,4,54
1,4,55
1,4,56
1,5,42
1,5,43
1,5,44
1,5,45
1,5,46
1,5,47
1,5,48
1,5,49
1,5,50
1,5,51
1,5,52
1,5,53
1,5,54
1,6,39
1,6,40
1,6,41
1,6,42
1,6,43
1,6,44
1,6,45
1,6,46
1,6,47
1,6,48
1,6,49
1,6,50
1,6,51
1,6,52
1,7,35
1,7,36
1,7,37
1,7,38
1,7,39
1,7,40
1,7,41
1,7,42
1,7,43
1,7,44
1,7,45
1,7,46
1,7,47
1,7,48
1,7,49
1,8,31
1,8,32
1,8,33
1,8,34
1,8,35
1,8,36
1,8,37
1,8,38
1,8,39
1,8,40
1,8,41
1,8,42
1,8,43
1,8,44
1,8,45
1,8,46
1,8,47
1,9,27
1,9,28
1,9,29
1,9,30
1,9,31
1,9,32
1,9,33
1,9,34
1,9,35
1,9,36
1,9,37
1,9,38
1,9,39
1,9,40
1,9,41
1,9,42
1,9,43
1,9,44
1,10,21
1,10,22
1,10,23
1,10,24
1,10,25
1,10,26
1,10,27
1,10,28
1,10,29
1,10,30
1,10,31
1,10,32
1,10,33
1,10,34
1,10,35
1,10,36
1,10,37
1,10,38
1,10,39
1,10,40
1,10,41
1,11,14
1,11,15
1,11,16
1,11,17
1,11,18
1,11,19
1,11,20
1,11,21
1,11,22
1,11,23
1,11,24
1,11,25
1,11,26
1,11,27
1,11,28
1,11,29
1,11,30
1,11,31
1,11,32
1,11,33
1,11,34
1,11,35
1,11,36
1,11,37
1,11,38
1,12,4
1,12,5
1,12,6
1,12,7
1,12,8
1,12,9
1,12,10
1,12,11
1,12,12
1,12,13
1,12,14
1,12,15
1,12,16
1,12,17
1,12,18
1,12,19
1,12,20
1,12,21
1,12,22
1,12,23
1,12,24
1,12,25
1,12,26
1,12,27
1,12,28
1,12,29
1,12,30
1,12,31
1,12,32
1,12,33
1,12,34
1,13,0
1,13,1
1,13,2
1,13,3
1,13,4
1,13,5
1,13,6
1,13,7
1,13,8
1,13,9
1,13,10
1,13,11
1,13,12
1,13,13
1,13,14
1,13,15
1,13,16
1,13,17
1,13,18
1,13,19
1,13,20
1,13,21
1,13,22
1,13,23
1,13,24
1,13,25
1,13,26
1,13,27
1,13,28
1,13,29
1,14,0
1,14,1
1,14,2
1,14,3
1,14,4
1,14,5
1,14,6
1,14,7
1,14,8
1,14,9
1,14,10
1,14,11
1,14,12
1,14,13
1,14,14
1,14,15
1,14,16
1,14,17
1,14,18
1,14,19
1,14,20
1,14,21
1,14,22
1,14,23
1,14,24
1,15,0
1,15,1
1,15,2
1,15,3
1,15,4
1,15,5
1,15,6
1,15,7
1,15,8
1,15,9
1,15,10
1,15,11
1,15,12
1,15,13
1,15,14
1,15,15
1,15,16
1,16,0
1,16,1
1,16,2
1,16,3
1,16,4
0,0,57
0,0,58
0,0,59
0,0,60
0,0,61
0,0,62
0,0,63
0,0,64
0,0,65
0,1,53
0,1,54
0,1,55
0,1,56
0,1,57
0,1,58
0,1,59
0,1,60
0,1,61
0,1,62
0,1,63
0,2,51
0,2,52
0,2,53
0,2,54
0,2,55
0,2,56
0,2,57
0,2,58
0,2,59
0,2,60
0,2,61
0,3,48
0,3,49
0,3,50
0,3,51
0,3,52
0,3,53
0,3,54
0,3,55
0,3,56
0,3,57
0,3,58
0,3,59
0,4,46
0,4,47
0,4,48
0,4,49
0,4,50
0,4,51
0,4,52
0,4,53
0,4,54
0,4,55
0,4,56
0,4,57
0,5,43
0,5,44
0,5,45
0,5,46
0,5,47
0,5,48
0,5,49
0,5,50
0,5,51
0,5,52
0,5,53
0,5,54
0,5,55
0,6,40
0,6,41
0,6,42
0,6,43
0,6,44
0,6,45
0,6,46
0,6,47
0,6,48
0,6,49
0,6,50
0,6,51
0,6,52
0,6,53
0,7,36
0,7,37
0,7,38
0,7,39
0,7,40
0,7,41
0,7,42
0,7,43
0,7,44
0,7,45
0,7,46
0,7,47
0,7,48
0,7,49
0,7,50
0,8,32
0,8,33
0,8,34
0,8,35
0,8,36
0,8,37
0,8,38
0,8,39
0,8,40
0,8,41
0,8,42
0,8,43
0,8,44
0,8,45
0,8,46
0,8,47
0,8,48
0,9,28
0,9,29
0,9,30
0,9,31
0,9,32
0,9,33
0,9,34
0,9,35
0,9,36
0,9,37
0,9,38
0,9,39
0,9,40
0,9,41
0,9,42
0,9,43
0,9,44
0,9,45
0,10,23
0,10,24
0,10,25
0,10,26
0,10,27
0,10,28
0,10,29
0,10,30
0,10,31
0,10,32
0,10,33
0,10,34
0,10,35
0,10,36
0,10,37
0,10,38
0,10,39
0,10,40
0,10,41
0,10,42
0,11,17
0,11,18
0,11,19
0,11,20
0,11,21
0,11,22
0,11,23
0,11,24
0,11,25
0,11,26
0,11,27
0,11,28
0,11,29
0,11,30
0,11,31
0,11,32
0,11,33
0,11,34
0,11,35
0,11,36
0,11,37
0,11,38
0,11,39
0,12,7
0,12,8
0,12,9
0,12,10
0,12,11
0,12,12
0,12,13
0,12,14
0,12,15
0,12,16
0,12,17
0,12,18
0,12,19
0,12,20
0,12,21
0,12,22
0,12,23
0,12,24
0,12,25
0,12,26
0,12,27
0,12,28
0,12,29
0,12,30
0,12,31
0,12,32
0,12,33
0,12,34
0,12,35
0,13,0
0,13,1
0,13,2
0,13,3
0,13,4
0,13,5
0,13,6
0,13,7
0,13,8
0,13,9
0,13,10
0,13,11
0,13,12
0,13,13
0,13,14
0,13,15
0,13,16
0,13,17
0,13,18
0,13,19
0,13,20
0,13,21
0,13,22
0,13,23
0,13,24
0,13,25
0,13,26
0,13,27
0,13,28
0,13,29
0,13,30
0,13,31
0,14,0
0,14,1
0,14,2
0,14,3
0,14,4
0,14,5
0,14,6
0,14,7
0,14,8
0,14,9
0,14,10
0,14,11
0,14,12
0,14,13
0,14,14
0,14,15
0,14,16
0,14,17
0,14,18
0,14,19
0,14,20
0,14,21
0,14,22
0,14,23
0,14,24
0,14,25
0,15,0
0,15,1
0,15,2
0,15,3
0,15,4
0,15,5
0,15,6
0,15,7
0,15,8
0,15,9
0,15,10
0,15,11
0,15,12
0,15,13
0,15,14
0,15,15
0,15,16
0,15,17
0,15,18
0,16,0
0,16,1
0,16,2
0,16,3
0,16,4
0,16,5
0,16,6
0,16,7
2,0,55
2,0,56
2,0,57
2,0,58
2,0,59
2,0,60
2,0,61
2,0,62
2,0,63
2,0,64
2,1,52
2,1,53
2,1,54
2,1,55
2,1,56
2,1,57
2,1,58
2,1,59
2,1,60
2,1,61
2,1,62
2,2,49
2,2,50
2,2,51
2,2,52
2,2,53
2,2,54
2,2,55
2,2,56
2,2,57
2,2,58
2,2,59
2,2,60
2,3,47
2,3,48
2,3,49
2,3,50
2,3,51
2,3,52
2,3,53
2,3,54
2,3,55
2,3,56
2,3,57
2,3,58
2,4,44
2,4,45
2,4,46
2,4,47
2,4,48
2,4,49
2,4,50
2,4,51
2,4,52
2,4,53
2,4,54
2,4,55
2,4,56
2,5,41
2,5,42
2,5,43
2,5,44
2,5,45
2,5,46
2,5,47
2,5,48
2,5,49
2,5,50
2,5,51
2,5,52
2,5,53
2,6,38
2,6,39
2,6,40
2,6,41
2,6,42
2,6,43
2,6,44
2,6,45
2,6,46
2,6,47
2,6,48
2,6,49
2,6,50
2,6,51
2,7,34
2,7,35
2,7,36
2,7,37
2,7,38
2,7,39
2,7,40
2,7,41
2,7,42
2,7,43
2,7,44
2,7,45
2,7,46
2,7,47
2,7,48
2,7,49
2,8,30
2,8,31
2,8,32
2,8,33
2,8,34
2,8,35
2,8,36
2,8,37
2,8,38
2,8,39
2,8,40
2,8,41
2,8,42
2,8,43
2,8,44
2,8,45
2,8,46
2,9,25
2,9,26
2,9,27
2,9,28
2,9,29
2,9,30
2,9,31
2,9,32
2,9,33
2,9,34
2,9,35
2,9,36
2,9,37
2,9,38
2,9,39
2,9,40
2,9,41
2,9,42
2,9,43
2,10,19
2,10,20
2,10,21
2,10,22
2,10,23
2,10,24
2,10,25
2,10,26
2,10,27
2,10,28
2,10,29
2,10,30
2,10,31
2,10,32
2,10,33
2,10,34
2,10,35
2,10,36
2,10,37
2,10,38
2,10,39
2,10,40
2,11,12
2,11,13
2,11,14
2,11,15
2,11,16
2,11,17
2,11,18
2,11,19
2,11,20
2,11,21
2,11,22
2,11,23
2,11,24
2,11,25
2,11,26
2,11,27
2,11,28
2,11,29
2,11,30
2,11,31
2,11,32
2,11,33
2,11,34
2,11,35
2,11,36
2,11,37
2,12,1
2,12,2
2,12,3
2,12,4
2,12,5
2,12,6
2,12,7
2,12,8
2,12,9
2,12,10
2,12,11
2,12,12
2,12,13
2,12,14
2,12,15
2,12,16
2,12,17
2,12,18
2,12,19
2,12,20
2,12,21
2,12,22
2,12,23
2,12,24
2,12,25
2,12,26
2,12,27
2,12,28
2,12,29
2,12,30
2,12,31
2,12,32
2,12,33
2,13,0
2,13,1
2,13,2
2,13,3
2,13,4
2,13,5
2,13,6
2,13,7
2,13,8
2,13,9
2,13,10
2,13,11
2,13,12
2,13,13
2,13,14
2,13,15
2,13,16
2,13,17
2,13,18
2,13,19
2,13,20
2,13,21
2,13,22
2,13,23
2,13,24
2,13,25
2,13,26
2,13,27
2,13,28
2,14,0
2,14,1
2,14,2
2,14,3
2,14,4
2,14,5
2,14,6
2,14,7
2,14,8
2,14,9
2,14,10
2,14,11
2,14,12
2,14,13
2,14,14
2,14,15
2,14,16
2,14,17
2,14,18
2,14,19
2,14,20
2,14,21
2,14,22
2,15,0
2,15,1
2,15,2
2,15,3
2,15,4
2,15,5
2,15,6
2,15,7
2,15,8
2,15,9
2,15,10
2,15,11
2,15,12
2,15,13
2,15,14
2,16,0
2,16,1
3,0,55
3,0,56
3,0,57
3,0,58
3,0,59
3,0,60
3,0,61
3,0,62
3,0,63
3,1,51
3,1,52
3,1,53
3,1,54
3,1,55
3,1,56
3,1,57
3,1,58
3,1,59
3,1,60
3,1,61
3,2,49
3,2,50
3,2,51
3,2,52
3,2,53
3,2,54
3,2,55
3,2,56
3,2,57
3,2,58
3,2,59
3,3,46
3,3,47
3,3,48
3,3,49
3,3,50
3,3,51
3,3,52
3,3,53
3,3,54
3,3,55
3,3,56
3,3,57
3,4,43
3,4,44
3,4,45
3,4,46
3,4,47
3,4,48
3,4,49
3,4,50
3,4,51
3,4,52
3,4,53
3,4,54
3,4,55
3,5,40
3,5,41
3,5,42
3,5,43
3,5,44
3,5,45
3,5,46
3,5,47
3,5,48
3,5,49
3,5,50
3,5,51
3,5,52
3,5,53
3,6,36
3,6,37
3,6,38
3,6,39
3,6,40
3,6,41
3,6,42
3,6,43
3,6,44
3,6,45
3,6,46
3,6,47
3,6,48
3,6,49
3,6,50
3,7,33
3,7,34
3,7,35
3,7,36
3,7,37
3,7,38
3,7,39
3,7,40
3,7,41
3,7,42
3,7,43
3,7,44
3,7,45
3,7,46
3,7,47
3,7,48
3,8,28
3,8,29
3,8,30
3,8,31
3,8,32
3,8,33
3,8,34
3,8,35
3,8,36
3,8,37
3,8,38
3,8,39
3,8,40
3,8,41
3,8,42
3,8,43
3,8,44
3,8,45
3,9,24
3,9,25
3,9,26
3,9,27
3,9,28
3,9,29
3,9,30
3,9,31
3,9,32
3,9,33
3,9,34
3,9,35
3,9,36
3,9,37
3,9,38
3,9,39
3,9,40
3,9,41
3,9,42
3,10,17
3,10,18
3,10,19
3,10,20
3,10,21
3,10,22
3,10,23
3,10,24
3,10,25
3,10,26
3,10,27
3,10,28
3,10,29
3,10,30
3,10,31
3,10,32
3,10,33
3,10,34
3,10,35
3,10,36
3,10,37
3,10,38
3,10,39
3,11,9
3,11,10
3,11,11
3,11,12
3,11,13
3,11,14
3,11,15
3,11,16
3,11,17
3,11,18
3,11,19
3,11,20
3,11,21
3,11,22
3,11,23
3,11,24
3,11,25
3,11,26
3,11,27
3,11,28
3,11,29
3,11,30
3,11,31
3,11,32
3,11,33
3,11,34
3,11,35
3,11,36
3,12,0
3,12,1
3,12,2
3,12,3
3,12,4
3,12,5
3,12,6
3,12,7
3,12,8
3,12,9
3,12,10
3,12,11
3,12,12
3,12,13
3,12,14
3,12,15
3,12,16
3,12,17
3,12,18
3,12,19
3,12,20
3,12,21
3,12,22
3,12,23
3,12,24
3,12,25
3,12,26
3,12,27
3,12,28
3,12,29
3,12,30
3,12,31
3,12,32
3,13,0
3,13,1
3,13,2
3,13,3
3,13,4
3,13,5
3,13,6
3,13,7
3,13,8
3,13,9
3,13,10
3,13,11
3,13,12
3,13,13
3,13,14
3,13,15
3,13,16
3,13,17
3,13,18
3,13,19
3,13,20
3,13,21
3,13,22
3,13,23
3,13,24
3,13,25
3,13,26
3,13,27
3,14,0
3,14,1
3,14,2
3,14,3
3,14,4
3,14,5
3,14,6
3,14,7
3,14,8
3,14,9
3,14,10
3,14,11
3,14,12
3,14,13
3,14,14
3,14,15
3,14,16
3,14,17
3,14,18
3,14,19
3,14,20
3,15,0
3,15,1
3,15,2
3,15,3
3,15,4
3,15,5
3,15,6
3,15,7
3,15,8
3,15,9
3,15,10
3,15,11
4,0,54
4,0,55
4,0,56
4,0,57
4,0,58
4,0,59
4,0,60
4,0,61
4,0,62
4,0,63
4,1,50
4,1,51
4,1,52
4,1,53
4,1,54
4,1,55
4,1,56
4,1,57
4,1,58
4,1,59
4,1,60
4,1,61
4,2,48
4,2,49
4,2,50
4,2,51
4,2,52
4,2,53
4,2,54
4,2,55
4,2,56
4,2,57
4,2,58
4,2,59
4,3,45
4,3,46
4,3,47
4,3,48
4,3,49
4,3,50
4,3,51
4,3,52
4,3,53
4,3,54
4,3,55
4,3,56
4,3,57
4,4,42
4,4,43
4,4,44
4,4,45
4,4,46
4,4,47
4,4,48
4,4,49
4,4,50
4,4,51
4,4,52
4,4,53
4,4,54
4,5,39
4,5,40
4,5,41
4,5,42
4,5,43
4,5,44
4,5,45
4,5,46
4,5,47
4,5,48
4,5,49
4,5,50
4,5,51
4,5,52
4,6,35
4,6,36
4,6,37
4,6,38
4,6,39
4,6,40
4,6,41
4,6,42
4,6,43
4,6,44
4,6,45
4,6,46
4,6,47
4,6,48
4,6,49
4,6,50
4,7,32
4,7,33
4,7,34
4,7,35
4,7,36
4,7,37
4,7,38
4,7,39
4,7,40
4,7,41
4,7,42
4,7,43
4,7,44
4,7,45
4,7,46
4,7,47
4,8,27
4,8,28
4,8,29
4,8,30
4,8,31
4,8,32
4,8,33
4,8,34
4,8,35
4,8,36
4,8,37
4,8,38
4,8,39
4,8,40
4,8,41
4,8,42
4,8,43
4,8,44
4,9,22
4,9,23
4,9,24
4,9,25
4,9,26
4,9,27
4,9,28
4,9,29
4,9,30
4,9,31
4,9,32
4,9,33
4,9,34
4,9,35
4,9,36
4,9,37
4,9,38
4,9,39
4,9,40
4,9,41
4,10,15
4,10,16
4,10,17
4,10,18
4,10,19
4,10,20
4,10,21
4,10,22
4,10,23
4,10,24
4,10,25
4,10,26
4,10,27
4,10,28
4,10,29
4,10,30
4,10,31
4,10,32
4,10,33
4,10,34
4,10,35
4,10,36
4,10,37
4,10,38
4,11,6
4,11,7
4,11,8
4,11,9
4,11,10
4,11,11
4,11,12
4,11,13
4,11,14
4,11,15
4,11,16
4,11,17
4,11,18
4,11,19
4,11,20
4,11,21
4,11,22
4,11,23
4,11,24
4,11,25
4,11,26
4,11,27
4,11,28
4,11,29
4,11,30
4,11,31
4,11,32
4,11,33
4,11,34
4,11,35
4,12,0
4,12,1
4,12,2
4,12,3
4,12,4
4,12,5
4,12,6
4,12,7
4,12,8
4,12,9
4,12,10
4,12,11
4,12,12
4,12,13
4,12,14
4,12,15
4,12,16
4,12,17
4,12,18
4,12,19
4,12,20
4,12,21
4,12,22
4,12,23
4,12,24
4,12,25
4,12,26
4,12,27
4,12,28
4,12,29
4,12,30
4,13,0
4,13,1
4,13,2
4,13,3
4,13,4
4,13,5
4,13,6
4,13,7
4,13,8
4,13,9
4,13,10
4,13,11
4,13,12
4,13,13
4,13,14
4,13,15
4,13,16
4,13,17
4,13,18
4,13,19
4,13,20
4,13,21
4,13,22
4,13,23
4,13,24
4,13,25
4,14,0
4,14,1
4,14,2
4,14,3
4,14,4
4,14,5
4,14,6
4,14,7
4,14,8
4,14,9
4,14,10
4,14,11
4,14,12
4,14,13
4,14,14
4,14,15
4,14,16
4,14,17
4,14,18
4,14,19
4,15,0
4,15,1
4,15,2
4,15,3
4,15,4
4,15,5
4,15,6
4,15,7
4,15,8
4,15,9
5,0,53
5,0,54
5,0,55
5,0,56
5,0,57
5,0,58
5,0,59
5,0,60
5,0,61
5,0,62
5,1,50
5,1,51
5,1,52
5,1,53
5,1,54
5,1,55
5,1,56
5,1,57
5,1,58
5,1,59
5,1,60
5,2,47
5,2,48
5,2,49
5,2,50
5,2,51
5,2,52
5,2,53
5,2,54
5,2,55
5,2,56
5,2,57
5,2,58
5,3,44
5,3,45
5,3,46
5,3,47
5,3,48
5,3,49
5,3,50
5,3,51
5,3,52
5,3,53
5,3,54
5,3,55
5,3,56
5,4,41
5,4,42
5,4,43
5,4,44
5,4,45
5,4,46
5,4,47
5,4,48
5,4,49
5,4,50
5,4,51
5,4,52
5,4,53
5,4,54
5,5,38
5,5,39
5,5,40
5,5,41
5,5,42
5,5,43
5,5,44
5,5,45
5,5,46
5,5,47
5,5,48
5,5,49
5,5,50
5,5,51
5,6,34
5,6,35
5,6,36
5,6,37
5,6,38
5,6,39
5,6,40
5,6,41
5,6,42
5,6,43
5,6,44
5,6,45
5,6,46
5,6,47
5,6,48
5,6,49
5,7,30
5,7,31
5,7,32
5,7,33
5,7,34
5,7,35
5,7,36
5,7,37
5,7,38
5,7,39
5,7,40
5,7,41
5,7,42
5,7,43
5,7,44
5,7,45
5,7,46
5,8,26
5,8,27
5,8,28
5,8,29
5,8,30
5,8,31
5,8,32
5,8,33
5,8,34
5,8,35
5,8,36
5,8,37
5,8,38
5,8,39
5,8,40
5,8,41
5,8,42
5,8,43
5,9,20
5,9,21
5,9,22
5,9,23
5,9,24
5,9,25
5,9,26
5,9,27
5,9,28
5,9,29
5,9,30
5,9,31
5,9,32
5,9,33
5,9,34
5,9,35
5,9,36
5,9,37
5,9,38
5,9,39
5,9,40
5,10,13
5,10,14
5,10,15
5,10,16
5,10,17
5,10,18
5,10,19
5,10,20
5,10,21
5,10,22
5,10,23
5,10,24
5,10,25
5,10,26
5,10,27
5,10,28
5,10,29
5,10,30
5,10,31
5,10,32
5,10,33
5,10,34
5,10,35
5,10,36
5,10,37
5,11,3
5,11,4
5,11,5
5,11,6
5,11,7
5,11,8
5,11,9
5,11,10
5,11,11
5,11,12
5,11,13
5,11,14
5,11,15
5,11,16
5,11,17
5,11,18
5,11,19
5,11,20
5,11,21
5,11,22
5,11,23
5,11,24
5,11,25
5,11,26
5,11,27
5,11,28
5,11,29
5,11,30
5,11,31
5,11,32
5,11,33
5,11,34
5,12,0
5,12,1
5,12,2
5,12,3
5,12,4
5,12,5
5,12,6
5,12,7
5,12,8
5,12,9
5,12,10
5,12,11
5,12,12
5,12,13
5,12,14
5,12,15
5,12,16
5,12,17
5,12,18
5,12,19
5,12,20
5,12,21
5,12,22
5,12,23
5,12,24
5,12,25
5,12,26
5,12,27
5,12,28
5,12,29
5,13,0
5,13,1
5,13,2
5,13,3
5,13,4
5,13,5
5,13,6
5,13,7
5,13,8
5,13,9
5,13,10
5,13,11
5,13,12
5,13,13
5,13,14
5,13,15
5,13,16
5,13,17
5,13,18
5,13,19
5,13,20
5,13,21
5,13,22
5,13,23
5,13,24
5,14,0
5,14,1
5,14,2
5,14,3
5,14,4
5,14,5
5,14,6
5,14,7
5,14,8
5,14,9
5,14,10
5,14,11
5,14,12
5,14,13
5,14,14
5,14,15
5,14,16
5,14,17
5,15,0
5,15,1
5,15,2
5,15,3
5,15,4
5,15,5
5,15,6
6,0,52
6,0,53
6,0,54
6,0,55
6,0,56
6,0,57
6,0,58
6,0,59
6,0,60
6,0,61
6,0,62
6,1,49
6,1,50
6,1,51
6,1,52
6,1,53
6,1,54
6,1,55
6,1,56
6,1,57
6,1,58
6,1,59
6,1,60
6,2,46
6,2,47
6,2,48
6,2,49
6,2,50
6,2,51
6,2,52
6,2,53
6,2,54
6,2,55
6,2,56
6,2,57
6,3,43
6,3,44
6,3,45
6,3,46
6,3,47
6,3,48
6,3,49
6,3,50
6,3,51
6,3,52
6,3,53
6,3,54
6,3,55
6,4,40
6,4,41
6,4,42
6,4,43
6,4,44
6,4,45
6,4,46
6,4,47
6,4,48
6,4,49
6,4,50
6,4,51
6,4,52
6,4,53
6,5,37
6,5,38
6,5,39
6,5,40
6,5,41
6,5,42
6,5,43
6,5,44
6,5,45
6,5,46
6,5,47
6,5,48
6,5,49
6,5,50
6,5,51
6,6,33
6,6,34
6,6,35
6,6,36
6,6,37
6,6,38
6,6,39
6,6,40
6,6,41
6,6,42
6,6,43
6,6,44
6,6,45
6,6,46
6,6,47
6,6,48
6,7,29
6,7,30
6,7,31
6,7,32
6,7,33
6,7,34
6,7,35
6,7,36
6,7,37
6,7,38
6,7,39
6,7,40
6,7,41
6,7,42
6,7,43
6,7,44
6,7,45
6,8,24
6,8,25
6,8,26
6,8,27
6,8,28
6,8,29
6,8,30
6,8,31
6,8,32
6,8,33
6,8,34
6,8,35
6,8,36
6,8,37
6,8,38
6,8,39
6,8,40
6,8,41
6,8,42
6,8,43
6,9,18
6,9,19
6,9,20
6,9,21
6,9,22
6,9,23
6,9,24
6,9,25
6,9,26
6,9,27
6,9,28
6,9,29
6,9,30
6,9,31
6,9,32
6,9,33
6,9,34
6,9,35
6,9,36
6,9,37
6,9,38
6,9,39
6,9,40
6,10,10
6,10,11
6,10,12
6,10,13
6,10,14
6,10,15
6,10,16
6,10,17
6,10,18
6,10,19
6,10,20
6,10,21
6,10,22
6,10,23
6,10,24
6,10,25
6,10,26
6,10,27
6,10,28
6,10,29
6,10,30
6,10,31
6,10,32
6,10,33
6,10,34
6,10,35
6,10,36
6,11,0
6,11,1
6,11,2
6,11,3
6,11,4
6,11,5
6,11,6
6,11,7
6,11,8
6,11,9
6,11,10
6,11,11
6,11,12
6,11,13
6,11,14
6,11,15
6,11,16
6,11,17
6,11,18
6,11,19
6,11,20
6,11,21
6,11,22
6,11,23
6,11,24
6,11,25
6,11,26
6,11,27
6,11,28
6,11,29
6,11,30
6,11,31
6,11,32
6,12,0
6,12,1
6,12,2
6,12,3
6,12,4
6,12,5
6,12,6
6,12,7
6,12,8
6,12,9
6,12,10
6,12,11
6,12,12
6,12,13
6,12,14
6,12,15
6,12,16
6,12,17
6,12,18
6,12,19
6,12,20
6,12,21
6,12,22
6,12,23
6,12,24
6,12,25
6,12,26
6,12,27
6,12,28
6,13,0
6,13,1
6,13,2
6,13,3
6,13,4
6,13,5
6,13,6
6,13,7
6,13,8
6,13,9
6,13,10
6,13,11
6,13,12
6,13,13
6,13,14
6,13,15
6,13,16
6,13,17
6,13,18
6,13,19
6,13,20
6,13,21
6,13,22
6,14,0
6,14,1
6,14,2
6,14,3
6,14,4
6,14,5
6,14,6
6,14,7
6,14,8
6,14,9
6,14,10
6,14,11
6,14,12
6,14,13
6,14,14
6,14,15
6,15,0
6,15,1
6,15,2
6,15,3
7,0,52
7,0,53
7,0,54
7,0,55
7,0,56
7,0,57
7,0,58
7,0,59
7,0,60
7,0,61
7,1,48
7,1,49
7,1,50
7,1,51
7,1,52
7,1,53
7,1,54
7,1,55
7,1,56
7,1,57
7,1,58
7,1,59
7,2,45
7,2,46
7,2,47
7,2,48
7,2,49
7,2,50
7,2,51
7,2,52
7,2,53
7,2,54
7,2,55
7,2,56
7,2,57
7,3,42
7,3,43
7,3,44
7,3,45
7,3,46
7,3,47
7,3,48
7,3,49
7,3,50
7,3,51
7,3,52
7,3,53
7,3,54
7,3,55
7,4,39
7,4,40
7,4,41
7,4,42
7,4,43
7,4,44
7,4,45
7,4,46
7,4,47
7,4,48
7,4,49
7,4,50
7,4,51
7,4,52
7,5,36
7,5,37
7,5,38
7,5,39
7,5,40
7,5,41
7,5,42
7,5,43
7,5,44
7,5,45
7,5,46
7,5,47
7,5,48
7,5,49
7,5,50
7,6,32
7,6,33
7,6,34
7,6,35
7,6,36
7,6,37
7,6,38
7,6,39
7,6,40
7,6,41
7,6,42
7,6,43
7,6,44
7,6,45
7,6,46
7,6,47
7,7,28
7,7,29
7,7,30
7,7,31
7,7,32
7,7,33
7,7,34
7,7,35
7,7,36
7,7,37
7,7,38
7,7,39
7,7,40
7,7,41
7,7,42
7,7,43
7,7,44
7,7,45
7,8,22
7,8,23
7,8,24
7,8,25
7,8,26
7,8,27
7,8,28
7,8,29
7,8,30
7,8,31
7,8,32
7,8,33
7,8,34
7,8,35
7,8,36
7,8,37
7,8,38
7,8,39
7,8,40
7,8,41
7,8,42
7,9,16
7,9,17
7,9,18
7,9,19
7,9,20
7,9,21
7,9,22
7,9,23
7,9,24
7,9,25
7,9,26
7,9,27
7,9,28
7,9,29
7,9,30
7,9,31
7,9,32
7,9,33
7,9,34
7,9,35
7,9,36
7,9,37
7,9,38
7,9,39
7,10,7
7,10,8
7,10,9
7,10,10
7,10,11
7,10,12
7,10,13
7,10,14
7,10,15
7,10,16
7,10,17
7,10,18
7,10,19
7,10,20
7,10,21
7,10,22
7,10,23
7,10,24
7,10,25
7,10,26
7,10,27
7,10,28
7,10,29
7,10,30
7,10,31
7,10,32
7,10,33
7,10,34
7,10,35
7,11,0
7,11,1
7,11,2
7,11,3
7,11,4
7,11,5
7,11,6
7,11,7
7,11,8
7,11,9
7,11,10
7,11,11
7,11,12
7,11,13
7,11,14
7,11,15
7,11,16
7,11,17
7,11,18
7,11,19
7,11,20
7,11,21
7,11,22
7,11,23
7,11,24
7,11,25
7,11,26
7,11,27
7,11,28
7,11,29
7,11,30
7,11,31
7,12,0
7,12,1
7,12,2
7,12,3
7,12,4
7,12,5
7,12,6
7,12,7
7,12,8
7,12,9
7,12,10
7,12,11
7,12,12
7,12,13
7,12,14
7,12,15
7,12,16
7,12,17
7,12,18
7,12,19
7,12,20
7,12,21
7,12,22
7,12,23
7,12,24
7,12,25
7,12,26
7,12,27
7,13,0
7,13,1
7,13,2
7,13,3
7,13,4
7,13,5
7,13,6
7,13,7
7,13,8
7,13,9
7,13,10
7,13,11
7,13,12
7,13,13
7,13,14
7,13,15
7,13,16
7,13,17
7,13,18
7,13,19
7,13,20
7,13,21
7,14,0
7,14,1
7,14,2
7,14,3
7,14,4
7,14,5
7,14,6
7,14,7
7,14,8
7,14,9
7,14,10
7,14,11
7,14,12
7,15,0
8,0,51
8,0,52
8,0,53
8,0,54
8,0,55
8,0,56
8,0,57
8,0,58
8,0,59
8,0,60
8,1,47
8,1,48
8,1,49
8,1,50
8,1,51
8,1,52
8,1,53
8,1,54
8,1,55
8,1,56
8,1,57
8,1,58
8,2,44
8,2,45
8,2,46
8,2,47
8,2,48
8,2,49
8,2,50
8,2,51
8,2,52
8,2,53
8,2,54
8,2,55
8,2,56
8,3,41
8,3,42
8,3,43
8,3,44
8,3,45
8,3,46
8,3,47
8,3,48
8,3,49
8,3,50
8,3,51
8,3,52
8,3,53
8,3,54
8,4,38
8,4,39
8,4,40
8,4,41
8,4,42
8,4,43
8,4,44
8,4,45
8,4,46
8,4,47
8,4,48
8,4,49
8,4,50
8,4,51
8,4,52
8,5,35
8,5,36
8,5,37
8,5,38
8,5,39
8,5,40
8,5,41
8,5,42
8,5,43
8,5,44
8,5,45
8,5,46
8,5,47
8,5,48
8,5,49
8,6,31
8,6,32
8,6,33
8,6,34
8,6,35
8,6,36
8,6,37
8,6,38
8,6,39
8,6,40
8,6,41
8,6,42
8,6,43
8,6,44
8,6,45
8,6,46
8,6,47
8,7,26
8,7,27
8,7,28
8,7,29
8,7,30
8,7,31
8,7,32
8,7,33
8,7,34
8,7,35
8,7,36
8,7,37
8,7,38
8,7,39
8,7,40
8,7,41
8,7,42
8,7,43
8,7,44
8,8,21
8,8,22
8,8,23
8,8,24
8,8,25
8,8,26
8,8,27
8,8,28
8,8,29
8,8,30
8,8,31
8,8,32
8,8,33
8,8,34
8,8,35
8,8,36
8,8,37
8,8,38
8,8,39
8,8,40
8,8,41
8,9,14
8,9,15
8,9,16
8,9,17
8,9,18
8,9,19
8,9,20
8,9,21
8,9,22
8,9,23
8,9,24
8,9,25
8,9,26
8,9,27
8,9,28
8,9,29
8,9,30
8,9,31
8,9,32
8,9,33
8,9,34
8,9,35
8,9,36
8,9,37
8,9,38
8,10,4
8,10,5
8,10,6
8,10,7
8,10,8
8,10,9
8,10,10
8,10,11
8,10,12
8,10,13
8,10,14
8,10,15
8,10,16
8,10,17
8,10,18
8,10,19
8,10,20
8,10,21
8,10,22
8,10,23
8,10,24
8,10,25
8,10,26
8,10,27
8,10,28
8,10,29
8,10,30
8,10,31
8,10,32
8,10,33
8,10,34
8,11,0
8,11,1
8,11,2
8,11,3
8,11,4
8,11,5
8,11,6
8,11,7
8,11,8
8,11,9
8,11,10
8,11,11
8,11,12
8,11,13
8,11,14
8,11,15
8,11,16
8,11,17
8,11,18
8,11,19
8,11,20
8,11,21
8,11,22
8,11,23
8,11,24
8,11,25
8,11,26
8,11,27
8,11,28
8,11,29
8,11,30
8,12,0
8,12,1
8,12,2
8,12,3
8,12,4
8,12,5
8,12,6
8,12,7
8,12,8
8,12,9
8,12,10
8,12,11
8,12,12
8,12,13
8,12,14
8,12,15
8,12,16
8,12,17
8,12,18
8,12,19
8,12,20
8,12,21
8,12,22
8,12,23
8,12,24
8,12,25
8,13,0
8,13,1
8,13,2
8,13,3
8,13,4
8,13,5
8,13,6
8,13,7
8,13,8
8,13,9
8,13,10
8,13,11
8,13,12
8,13,13
8,13,14
8,13,15
8,13,16
8,13,17
8,13,18
8,13,19
8,14,0
8,14,1
8,14,2
8,14,3
8,14,4
8,14,5
8,14,6
8,14,7
8,14,8
8,14,9
9,0,50
9,0,51
9,0,52
9,0,53
9,0,54
9,0,55
9,0,56
9,0,57
9,0,58
9,0,59
9,0,60
9,1,46
9,1,47
9,1,48
9,1,49
9,1,50
9,1,51
9,1,52
9,1,53
9,1,54
9,1,55
9,1,56
9,1,57
9,1,58
9,2,44
9,2,45
9,2,46
9,2,47
9,2,48
9,2,49
9,2,50
9,2,51
9,2,52
9,2,53
9,2,54
9,2,55
9,2,56
9,3,41
9,3,42
9,3,43
9,3,44
9,3,45
9,3,46
9,3,47
9,3,48
9,3,49
9,3,50
9,3,51
9,3,52
9,3,53
9,4,37
9,4,38
9,4,39
9,4,40
9,4,41
9,4,42
9,4,43
9,4,44
9,4,45
9,4,46
9,4,47
9,4,48
9,4,49
9,4,50
9,4,51
9,5,34
9,5,35
9,5,36
9,5,37
9,5,38
9,5,39
9,5,40
9,5,41
9,5,42
9,5,43
9,5,44
9,5,45
9,5,46
9,5,47
9,5,48
9,6,29
9,6,30
9,6,31
9,6,32
9,6,33
9,6,34
9,6,35
9,6,36
9,6,37
9,6,38
9,6,39
9,6,40
9,6,41
9,6,42
9,6,43
9,6,44
9,6,45
9,6,46
9,7,25
9,7,26
9,7,27
9,7,28
9,7,29
9,7,30
9,7,31
9,7,32
9,7,33
9,7,34
9,7,35
9,7,36
9,7,37
9,7,38
9,7,39
9,7,40
9,7,41
9,7,42
9,7,43
9,8,19
9,8,20
9,8,21
9,8,22
9,8,23
9,8,24
9,8,25
9,8,26
9,8,27
9,8,28
9,8,29
9,8,30
9,8,31
9,8,32
9,8,33
9,8,34
9,8,35
9,8,36
9,8,37
9,8,38
9,8,39
9,8,40
9,9,11
9,9,12
9,9,13
9,9,14
9,9,15
9,9,16
9,9,17
9,9,18
9,9,19
9,9,20
9,9,21
9,9,22
9,9,23
9,9,24
9,9,25
9,9,26
9,9,27
9,9,28
9,9,29
9,9,30
9,9,31
9,9,32
9,9,33
9,9,34
9,9,35
9,9,36
9,9,37
9,10,1
9,10,2
9,10,3
9,10,4
9,10,5
9,10,6
9,10,7
9,10,8
9,10,9
9,10,10
9,10,11
9,10,12
9,10,13
9,10,14
9,10,15
9,10,16
9,10,17
9,10,18
9,10,19
9,10,20
9,10,21
9,10,22
9,10,23
9,10,24
9,10,25
9,10,26
9,10,27
9,10,28
9,10,29
9,10,30
9,10,31
9,10,32
9,10,33
9,11,0
9,11,1
9,11,2
9,11,3
9,11,4
9,11,5
9,11,6
9,11,7
9,11,8
9,11,9
9,11,10
9,11,11
9,11,12
9,11,13
9,11,14
9,11,15
9,11,16
9,11,17
9,11,18
9,11,19
9,11,20
9,11,21
9,11,22
9,11,23
9,11,24
9,11,25
9,11,26
9,11,27
9,11,28
9,11,29
9,12,0
9,12,1
9,12,2
9,12,3
9,12,4
9,12,5
9,12,6
9,12,7
9,12,8
9,12,9
9,12,10
9,12,11
9,12,12
9,12,13
9,12,14
9,12,15
9,12,16
9,12,17
9,12,18
9,12,19
9,12,20
9,12,21
9,12,22
9,12,23
9,12,24
9,13,0
9,13,1
9,13,2
9,13,3
9,13,4
9,13,5
9,13,6
9,13,7
9,13,8
9,13,9
9,13,10
9,13,11
9,13,12
9,13,13
9,13,14
9,13,15
9,13,16
9,13,17
9,14,0
9,14,1
9,14,2
9,14,3
9,14,4
9,14,5
9,14,6
10,0,49
10,0,50
10,0,51
10,0,52
10,0,53
10,0,54
10,0,55
10,0,56
10,0,57
10,0,58
10,0,59
10,1,46
10,1,47
10,1,48
10,1,49
10,1,50
10,1,51
10,1,52
10,1,53
10,1,54
10,1,55
10,1,56
10,1,57
10,2,43
10,2,44
10,2,45
10,2,46
10,2,47
10,2,48
10,2,49
10,2,50
10,2,51
10,2,52
10,2,53
10,2,54
10,2,55
10,3,40
10,3,41
10,3,42
10,3,43
10,3,44
10,3,45
10,3,46
10,3,47
10,3,48
10,3,49
10,3,50
10,3,51
10,3,52
10,3,53
10,4,36
10,4,37
10,4,38
10,4,39
10,4,40
10,4,41
10,4,42
10,4,43
10,4,44
10,4,45
10,4,46
10,4,47
10,4,48
10,4,49
10,4,50
10,5,32
10,5,33
10,5,34
10,5,35
10,5,36
10,5,37
10,5,38
10,5,39
10,5,40
10,5,41
10,5,42
10,5,43
10,5,44
10,5,45
10,5,46
10,5,47
10,5,48
10,6,28
10,6,29
10,6,30
10,6,31
10,6,32
10,6,33
10,6,34
10,6,35
10,6,36
10,6,37
10,6,38
10,6,39
10,6,40
10,6,41
10,6,42
10,6,43
10,6,44
10,6,45
10,7,23
10,7,24
10,7,25
10,7,26
10,7,27
10,7,28
10,7,29
10,7,30
10,7,31
10,7,32
10,7,33
10,7,34
10,7,35
10,7,36
10,7,37
10,7,38
10,7,39
10,7,40
10,7,41
10,7,42
10,8,17
10,8,18
10,8,19
10,8,20
10,8,21
10,8,22
10,8,23
10,8,24
10,8,25
10,8,26
10,8,27
10,8,28
10,8,29
10,8,30
10,8,31
10,8,32
10,8,33
10,8,34
10,8,35
10,8,36
10,8,37
10,8,38
10,8,39
10,9,8
10,9,9
10,9,10
10,9,11
10,9,12
10,9,13
10,9,14
10,9,15
10,9,16
10,9,17
10,9,18
10,9,19
10,9,20
10,9,21
10,9,22
10,9,23
10,9,24
10,9,25
10,9,26
10,9,27
10,9,28
10,9,29
10,9,30
10,9,31
10,9,32
10,9,33
10,9,34
10,9,35
10,9,36
10,10,0
10,10,1
10,10,2
10,10,3
10,10,4
10,10,5
10,10,6
10,10,7
10,10,8
10,10,9
10,10,10
10,10,11
10,10,12
10,10,13
10,10,14
10,10,15
10,10,16
10,10,17
10,10,18
10,10,19
10,10,20
10,10,21
10,10,22
10,10,23
10,10,24
10,10,25
10,10,26
10,10,27
10,10,28
10,10,29
10,10,30
10,10,31
10,10,32
10,11,0
10,11,1
10,11,2
10,11,3
10,11,4
10,11,5
10,11,6
10,11,7
10,11,8
10,11,9
10,11,10
10,11,11
10,11,12
10,11,13
10,11,14
10,11,15
10,11,16
10,11,17
10,11,18
10,11,19
10,11,20
10,11,21
10,11,22
10,11,23
10,11,24
10,11,25
10,11,26
10,11,27
10,12,0
10,12,1
10,12,2
10,12,3
10,12,4
10,12,5
10,12,6
10,12,7
10,12,8
10,12,9
10,12,10
10,12,11
10,12,12
10,12,13
10,12,14
10,12,15
10,12,16
10,12,17
10,12,18
10,12,19
10,12,20
10,12,21
10,12,22
10,13,0
10,13,1
10,13,2
10,13,3
10,13,4
10,13,5
10,13,6
10,13,7
10,13,8
10,13,9
10,13,10
10,13,11
10,13,12
10,13,13
10,13,14
10,13,15
10,14,0
10,14,1
10,14,2
10,14,3
10,14,4
11,0,49
11,0,50
11,0,51
11,0,52
11,0,53
11,0,54
11,0,55
11,0,56
11,0,57
11,0,58
11,0,59
11,1,45
11,1,46
11,1,47
11,1,48
11,1,49
11,1,50
11,1,51
11,1,52
11,1,53
11,1,54
11,1,55
11,1,56
11,2,42
11,2,43
11,2,44
11,2,45
11,2,46
11,2,47
11,2,48
11,2,49
11,2,50
11,2,51
11,2,52
11,2,53
11,2,54
11,3,39
11,3,40
11,3,41
11,3,42
11,3,43
11,3,44
11,3,45
11,3,46
11,3,47
11,3,48
11,3,49
11,3,50
11,3,51
11,3,52
11,4,35
11,4,36
11,4,37
11,4,38
11,4,39
11,4,40
11,4,41
11,4,42
11,4,43
11,4,44
11,4,45
11,4,46
11,4,47
11,4,48
11,4,49
11,5,31
11,5,32
11,5,33
11,5,34
11,5,35
11,5,36
11,5,37
11,5,38
11,5,39
11,5,40
11,5,41
11,5,42
11,5,43
11,5,44
11,5,45
11,5,46
11,5,47
11,6,27
11,6,28
11,6,29
11,6,30
11,6,31
11,6,32
11,6,33
11,6,34
11,6,35
11,6,36
11,6,37
11,6,38
11,6,39
11,6,40
11,6,41
11,6,42
11,6,43
11,6,44
11,7,21
11,7,22
11,7,23
11,7,24
11,7,25
11,7,26
11,7,27
11,7,28
11,7,29
11,7,30
11,7,31
11,7,32
11,7,33
11,7,34
11,7,35
11,7,36
11,7,37
11,7,38
11,7,39
11,7,40
11,7,41
11,8,15
11,8,16
11,8,17
11,8,18
11,8,19
11,8,20
11,8,21
11,8,22
11,8,23
11,8,24
11,8,25
11,8,26
11,8,27
11,8,28
11,8,29
11,8,30
11,8,31
11,8,32
11,8,33
11,8,34
11,8,35
11,8,36
11,8,37
11,8,38
11,9,5
11,9,6
11,9,7
11,9,8
11,9,9
11,9,10
11,9,11
11,9,12
11,9,13
11,9,14
11,9,15
11,9,16
11,9,17
11,9,18
11,9,19
11,9,20
11,9,21
11,9,22
11,9,23
11,9,24
11,9,25
11,9,26
11,9,27
11,9,28
11,9,29
11,9,30
11,9,31
11,9,32
11,9,33
11,9,34
11,10,0
11,10,1
11,10,2
11,10,3
11,10,4
11,10,5
11,10,6
11,10,7
11,10,8
11,10,9
11,10,10
11,10,11
11,10,12
11,10,13
11,10,14
11,10,15
11,10,16
11,10,17
11,10,18
11,10,19
11,10,20
11,10,21
11,10,22
11,10,23
11,10,24
11,10,25
11,10,26
11,10,27
11,10,28
11,10,29
11,10,30
11,10,31
11,11,0
11,11,1
11,11,2
11,11,3
11,11,4
11,11,5
11,11,6
11,11,7
11,11,8
11,11,9
11,11,10
11,11,11
11,11,12
11,11,13
11,11,14
11,11,15
11,11,16
11,11,17
11,11,18
11,11,19
11,11,20
11,11,21
11,11,22
11,11,23
11,11,24
11,11,25
11,11,26
11,12,0
11,12,1
11,12,2
11,12,3
11,12,4
11,12,5
11,12,6
11,12,7
11,12,8
11,12,9
11,12,10
11,12,11
11,12,12
11,12,13
11,12,14
11,12,15
11,12,16
11,12,17
11,12,18
11,12,19
11,12,20
11,13,0
11,13,1
11,13,2
11,13,3
11,13,4
11,13,5
11,13,6
11,13,7
11,13,8
11,13,9
11,13,10
11,13,11
11,13,12
11,14,0
11,14,1
12,0,48
12,0,49
12,0,50
12,0,51
12,0,52
12,0,53
12,0,54
12,0,55
12,0,56
12,0,57
12,0,58
12,1,44
12,1,45
12,1,46
12,1,47
12,1,48
12,1,49
12,1,50
12,1,51
12,1,52
12,1,53
12,1,54
12,1,55
12,1,56
12,2,41
12,2,42
12,2,43
12,2,44
12,2,45
12,2,46
12,2,47
12,2,48
12,2,49
12,2,50
12,2,51
12,2,52
12,2,53
12,3,37
12,3,38
12,3,39
12,3,40
12,3,41
12,3,42
12,3,43
12,3,44
12,3,45
12,3,46
12,3,47
12,3,48
12,3,49
12,3,50
12,3,51
12,4,34
12,4,35
12,4,36
12,4,37
12,4,38
12,4,39
12,4,40
12,4,41
12,4,42
12,4,43
12,4,44
12,4,45
12,4,46
12,4,47
12,4,48
12,4,49
12,5,30
12,5,31
12,5,32
12,5,33
12,5,34
12,5,35
12,5,36
12,5,37
12,5,38
12,5,39
12,5,40
12,5,41
12,5,42
12,5,43
12,5,44
12,5,45
12,5,46
12,6,25
12,6,26
12,6,27
12,6,28
12,6,29
12,6,30
12,6,31
12,6,32
12,6,33
12,6,34
12,6,35
12,6,36
12,6,37
12,6,38
12,6,39
12,6,40
12,6,41
12,6,42
12,6,43
12,7,19
12,7,20
12,7,21
12,7,22
12,7,23
12,7,24
12,7,25
12,7,26
12,7,27
12,7,28
12,7,29
12,7,30
12,7,31
12,7,32
12,7,33
12,7,34
12,7,35
12,7,36
12,7,37
12,7,38
12,7,39
12,7,40
12,8,12
12,8,13
12,8,14
12,8,15
12,8,16
12,8,17
12,8,18
12,8,19
12,8,20
12,8,21
12,8,22
12,8,23
12,8,24
12,8,25
12,8,26
12,8,27
12,8,28
12,8,29
12,8,30
12,8,31
12,8,32
12,8,33
12,8,34
12,8,35
12,8,36
12,8,37
12,9,2
12,9,3
12,9,4
12,9,5
12,9,6
12,9,7
12,9,8
12,9,9
12,9,10
12,9,11
12,9,12
12,9,13
12,9,14
12,9,15
12,9,16
12,9,17
12,9,18
12,9,19
12,9,20
12,9,21
12,9,22
12,9,23
12,9,24
12,9,25
12,9,26
12,9,27
12,9,28
12,9,29
12,9,30
12,9,31
12,9,32
12,9,33
12,10,0
12,10,1
12,10,2
12,10,3
12,10,4
12,10,5
12,10,6
12,10,7
12,10,8
12,10,9
12,10,10
12,10,11
12,10,12
12,10,13
12,10,14
12,10,15
12,10,16
12,10,17
12,10,18
12,10,19
12,10,20
12,10,21
12,10,22
12,10,23
12,10,24
12,10,25
12,10,26
12,10,27
12,10,28
12,10,29
12,11,0
12,11,1
12,11,2
12,11,3
12,11,4
12,11,5
12,11,6
12,11,7
12,11,8
12,11,9
12,11,10
12,11,11
12,11,12
12,11,13
12,11,14
12,11,15
12,11,16
12,11,17
12,11,18
12,11,19
12,11,20
12,11,21
12,11,22
12,11,23
12,11,24
12,12,0
12,12,1
12,12,2
12,12,3
12,12,4
12,12,5
12,12,6
12,12,7
12,12,8
12,12,9
12,12,10
12,12,11
12,12,12
12,12,13
12,12,14
12,12,15
12,12,16
12,12,17
12,12,18
12,13,0
12,13,1
12,13,2
12,13,3
12,13,4
12,13,5
12,13,6
12,13,7
12,13,8
12,13,9
13,0,47
13,0,48
13,0,49
13,0,50
13,0,51
13,0,52
13,0,53
13,0,54
13,0,55
13,0,56
13,0,57
13,1,43
13,1,44
13,1,45
13,1,46
13,1,47
13,1,48
13,1,49
13,1,50
13,1,51
13,1,52
13,1,53
13,1,54
13,1,55
13,2,40
13,2,41
13,2,42
13,2,43
13,2,44
13,2,45
13,2,46
13,2,47
13,2,48
13,2,49
13,2,50
13,2,51
13,2,52
13,2,53
13,3,36
13,3,37
13,3,38
13,3,39
13,3,40
13,3,41
13,3,42
13,3,43
13,3,44
13,3,45
13,3,46
13,3,47
13,3,48
13,3,49
13,3,50
13,4,33
13,4,34
13,4,35
13,4,36
13,4,37
13,4,38
13,4,39
13,4,40
13,4,41
13,4,42
13,4,43
13,4,44
13,4,45
13,4,46
13,4,47
13,4,48
13,5,28
13,5,29
13,5,30
13,5,31
13,5,32
13,5,33
13,5,34
13,5,35
13,5,36
13,5,37
13,5,38
13,5,39
13,5,40
13,5,41
13,5,42
13,5,43
13,5,44
13,5,45
13,6,23
13,6,24
13,6,25
13,6,26
13,6,27
13,6,28
13,6,29
13,6,30
13,6,31
13,6,32
13,6,33
13,6,34
13,6,35
13,6,36
13,6,37
13,6,38
13,6,39
13,6,40
13,6,41
13,6,42
13,7,17
13,7,18
13,7,19
13,7,20
13,7,21
13,7,22
13,7,23
13,7,24
13,7,25
13,7,26
13,7,27
13,7,28
13,7,29
13,7,30
13,7,31
13,7,32
13,7,33
13,7,34
13,7,35
13,7,36
13,7,37
13,7,38
13,7,39
13,8,9
13,8,10
13,8,11
13,8,12
13,8,13
13,8,14
13,8,15
13,8,16
13,8,17
13,8,18
13,8,19
13,8,20
13,8,21
13,8,22
13,8,23
13,8,24
13,8,25
13,8,26
13,8,27
13,8,28
13,8,29
13,8,30
13,8,31
13,8,32
13,8,33
13,8,34
13,8,35
13,8,36
13,9,0
13,9,1
13,9,2
13,9,3
13,9,4
13,9,5
13,9,6
13,9,7
13,9,8
13,9,9
13,9,10
13,9,11
13,9,12
13,9,13
13,9,14
13,9,15
13,9,16
13,9,17
13,9,18
13,9,19
13,9,20
13,9,21
13,9,22
13,9,23
13,9,24
13,9,25
13,9,26
13,9,27
13,9,28
13,9,29
13,9,30
13,9,31
13,9,32
13,10,0
13,10,1
13,10,2
13,10,3
13,10,4
13,10,5
13,10,6
13,10,7
13,10,8
13,10,9
13,10,10
13,10,11
13,10,12
13,10,13
13,10,14
13,10,15
13,10,16
13,10,17
13,10,18
13,10,19
13,10,20
13,10,21
13,10,22
13,10,23
13,10,24
13,10,25
13,10,26
13,10,27
13,10,28
13,11,0
13,11,1
13,11,2
13,11,3
13,11,4
13,11,5
13,11,6
13,11,7
13,11,8
13,11,9
13,11,10
13,11,11
13,11,12
13,11,13
13,11,14
13,11,15
13,11,16
13,11,17
13,11,18
13,11,19
13,11,20
13,11,21
13,11,22
13,11,23
13,12,0
13,12,1
13,12,2
13,12,3
13,12,4
13,12,5
13,12,6
13,12,7
13,12,8
13,12,9
13,12,10
13,12,11
13,12,12
13,12,13
13,12,14
13,12,15
13,12,16
13,13,0
13,13,1
13,13,2
13,13,3
13,13,4
13,13,5
13,13,6
14,0,46
14,0,47
14,0,48
14,0,49
14,0,50
14,0,51
14,0,52
14,0,53
14,0,54
14,0,55
14,0,56
14,1,42
14,1,43
14,1,44
14,1,45
14,1,46
14,1,47
14,1,48
14,1,49
14,1,50
14,1,51
14,1,52
14,1,53
14,1,54
14,2,39
14,2,40
14,2,41
14,2,42
14,2,43
14,2,44
14,2,45
14,2,46
14,2,47
14,2,48
14,2,49
14,2,50
14,2,51
14,2,52
14,3,35
14,3,36
14,3,37
14,3,38
14,3,39
14,3,40
14,3,41
14,3,42
14,3,43
14,3,44
14,3,45
14,3,46
14,3,47
14,3,48
14,3,49
14,4,31
14,4,32
14,4,33
14,4,34
14,4,35
14,4,36
14,4,37
14,4,38
14,4,39
14,4,40
14,4,41
14,4,42
14,4,43
14,4,44
14,4,45
14,4,46
14,4,47
14,5,27
14,5,28
14,5,29
14,5,30
14,5,31
14,5,32
14,5,33
14,5,34
14,5,35
14,5,36
14,5,37
14,5,38
14,5,39
14,5,40
14,5,41
14,5,42
14,5,43
14,5,44
14,6,21
14,6,22
14,6,23
14,6,24
14,6,25
14,6,26
14,6,27
14,6,28
14,6,29
14,6,30
14,6,31
14,6,32
14,6,33
14,6,34
14,6,35
14,6,36
14,6,37
14,6,38
14,6,39
14,6,40
14,6,41
14,7,14
14,7,15
14,7,16
14,7,17
14,7,18
14,7,19
14,7,20
14,7,21
14,7,22
14,7,23
14,7,24
14,7,25
14,7,26
14,7,27
14,7,28
14,7,29
14,7,30
14,7,31
14,7,32
14,7,33
14,7,34
14,7,35
14,7,36
14,7,37
14,7,38
14,8,5
14,8,6
14,8,7
14,8,8
14,8,9
14,8,10
14,8,11
14,8,12
14,8,13
14,8,14
14,8,15
14,8,16
14,8,17
14,8,18
14,8,19
14,8,20
14,8,21
14,8,22
14,8,23
14,8,24
14,8,25
14,8,26
14,8,27
14,8,28
14,8,29
14,8,30
14,8,31
14,8,32
14,8,33
14,8,34
14,9,0
14,9,1
14,9,2
14,9,3
14,9,4
14,9,5
14,9,6
14,9,7
14,9,8
14,9,9
14,9,10
14,9,11
14,9,12
14,9,13
14,9,14
14,9,15
14,9,16
14,9,17
14,9,18
14,9,19
14,9,20
14,9,21
14,9,22
14,9,23
14,9,24
14,9,25
14,9,26
14,9,27
14,9,28
14,9,29
14,9,30
14,10,0
14,10,1
14,10,2
14,10,3
14,10,4
14,10,5
14,10,6
14,10,7
14,10,8
14,10,9
14,10,10
14,10,11
14,10,12
14,10,13
14,10,14
14,10,15
14,10,16
14,10,17
14,10,18
14,10,19
14,10,20
14,10,21
14,10,22
14,10,23
14,10,24
14,10,25
14,10,26
14,11,0
14,11,1
14,11,2
14,11,3
14,11,4
14,11,5
14,11,6
14,11,7
14,11,8
14,11,9
14,11,10
14,11,11
14,11,12
14,11,13
14,11,14
14,11,15
14,11,16
14,11,17
14,11,18
14,11,19
14,11,20
14,11,21
14,12,0
14,12,1
14,12,2
14,12,3
14,12,4
14,12,5
14,12,6
14,12,7
14,12,8
14,12,9
14,12,10
14,12,11
14,12,12
14,12,13
14,13,0
14,13,1
14,13,2
15,0,45
15,0,46
15,0,47
15,0,48
15,0,49
15,0,50
15,0,51
15,0,52
15,0,53
15,0,54
15,0,55
15,0,56
15,1,41
15,1,42
15,1,43
15,1,44
15,1,45
15,1,46
15,1,47
15,1,48
15,1,49
15,1,50
15,1,51
15,1,52
15,1,53
15,2,37
15,2,38
15,2,39
15,2,40
15,2,41
15,2,42
15,2,43
15,2,44
15,2,45
15,2,46
15,2,47
15,2,48
15,2,49
15,2,50
15,2,51
15,3,34
15,3,35
15,3,36
15,3,37
15,3,38
15,3,39
15,3,40
15,3,41
15,3,42
15,3,43
15,3,44
15,3,45
15,3,46
15,3,47
15,3,48
15,4,29
15,4,30
15,4,31
15,4,32
15,4,33
15,4,34
15,4,35
15,4,36
15,4,37
15,4,38
15,4,39
15,4,40
15,4,41
15,4,42
15,4,43
15,4,44
15,4,45
15,4,46
15,5,25
15,5,26
15,5,27
15,5,28
15,5,29
15,5,30
15,5,31
15,5,32
15,5,33
15,5,34
15,5,35
15,5,36
15,5,37
15,5,38
15,5,39
15,5,40
15,5,41
15,5,42
15,5,43
15,6,19
15,6,20
15,6,21
15,6,22
15,6,23
15,6,24
15,6,25
15,6,26
15,6,27
15,6,28
15,6,29
15,6,30
15,6,31
15,6,32
15,6,33
15,6,34
15,6,35
15,6,36
15,6,37
15,6,38
15,6,39
15,6,40
15,7,11
15,7,12
15,7,13
15,7,14
15,7,15
15,7,16
15,7,17
15,7,18
15,7,19
15,7,20
15,7,21
15,7,22
15,7,23
15,7,24
15,7,25
15,7,26
15,7,27
15,7,28
15,7,29
15,7,30
15,7,31
15,7,32
15,7,33
15,7,34
15,7,35
15,7,36
15,7,37
15,8,1
15,8,2
15,8,3
15,8,4
15,8,5
15,8,6
15,8,7
15,8,8
15,8,9
15,8,10
15,8,11
15,8,12
15,8,13
15,8,14
15,8,15
15,8,16
15,8,17
15,8,18
15,8,19
15,8,20
15,8,21
15,8,22
15,8,23
15,8,24
15,8,25
15,8,26
15,8,27
15,8,28
15,8,29
15,8,30
15,8,31
15,8,32
15,8,33
15,9,0
15,9,1
15,9,2
15,9,3
15,9,4
15,9,5
15,9,6
15,9,7
15,9,8
15,9,9
15,9,10
15,9,11
15,9,12
15,9,13
15,9,14
15,9,15
15,9,16
15,9,17
15,9,18
15,9,19
15,9,20
15,9,21
15,9,22
15,9,23
15,9,24
15,9,25
15,9,26
15,9,27
15,9,28
15,9,29
15,10,0
15,10,1
15,10,2
15,10,3
15,10,4
15,10,5
15,10,6
15,10,7
15,10,8
15,10,9
15,10,10
15,10,11
15,10,12
15,10,13
15,10,14
15,10,15
15,10,16
15,10,17
15,10,18
15,10,19
15,10,20
15,10,21
15,10,22
15,10,23
15,10,24
15,11,0
15,11,1
15,11,2
15,11,3
15,11,4
15,11,5
15,11,6
15,11,7
15,11,8
15,11,9
15,11,10
15,11,11
15,11,12
15,11,13
15,11,14
15,11,15
15,11,16
15,11,17
15,11,18
15,12,0
15,12,1
15,12,2
15,12,3
15,12,4
15,12,5
15,12,6
15,12,7
15,12,8
15,12,9
15,12,10
16,0,43
16,0,44
16,0,45
16,0,46
16,0,47
16,0,48
16,0,49
16,0,50
16,0,51
16,0,52
16,0,53
16,0,54
16,0,55
16,1,39
16,1,40
16,1,41
16,1,42
16,1,43
16,1,44
16,1,45
16,1,46
16,1,47
16,1,48
16,1,49
16,1,50
16,1,51
16,1,52
16,2,36
16,2,37
16,2,38
16,2,39
16,2,40
16,2,41
16,2,42
16,2,43
16,2,44
16,2,45
16,2,46
16,2,47
16,2,48
16,2,49
16,2,50
16,3,32
16,3,33
16,3,34
16,3,35
16,3,36
16,3,37
16,3,38
16,3,39
16,3,40
16,3,41
16,3,42
16,3,43
16,3,44
16,3,45
16,3,46
16,3,47
16,4,28
16,4,29
16,4,30
16,4,31
16,4,32
16,4,33
16,4,34
16,4,35
16,4,36
16,4,37
16,4,38
16,4,39
16,4,40
16,4,41
16,4,42
16,4,43
16,4,44
16,4,45
16,5,23
16,5,24
16,5,25
16,5,26
16,5,27
16,5,28
16,5,29
16,5,30
16,5,31
16,5,32
16,5,33
16,5,34
16,5,35
16,5,36
16,5,37
16,5,38
16,5,39
16,5,40
16,5,41
16,5,42
16,6,16
16,6,17
16,6,18
16,6,19
16,6,20
16,6,21
16,6,22
16,6,23
16,6,24
16,6,25
16,6,26
16,6,27
16,6,28
16,6,29
16,6,30
16,6,31
16,6,32
16,6,33
16,6,34
16,6,35
16,6,36
16,6,37
16,6,38
16,6,39
16,7,7
16,7,8
16,7,9
16,7,10
16,7,11
16,7,12
16,7,13
16,7,14
16,7,15
16,7,16
16,7,17
16,7,18
16,7,19
16,7,20
16,7,21
16,7,22
16,7,23
16,7,24
16,7,25
16,7,26
16,7,27
16,7,28
16,7,29
16,7,30
16,7,31
16,7,32
16,7,33
16,7,34
16,7,35
16,8,0
16,8,1
16,8,2
16,8,3
16,8,4
16,8,5
16,8,6
16,8,7
16,8,8
16,8,9
16,8,10
16,8,11
16,8,12
16,8,13
16,8,14
16,8,15
16,8,16
16,8,17
16,8,18
16,8,19
16,8,20
16,8,21
16,8,22
16,8,23
16,8,24
16,8,25
16,8,26
16,8,27
16,8,28
16,8,29
16,8,30
16,8,31
16,9,0
16,9,1
16,9,2
16,9,3
16,9,4
16,9,5
16,9,6
16,9,7
16,9,8
16,9,9
16,9,10
16,9,11
16,9,12
16,9,13
16,9,14
16,9,15
16,9,16
16,9,17
16,9,18
16,9,19
16,9,20
16,9,21
16,9,22
16,9,23
16,9,24
16,9,25
16,9,26
16,9,27
16,10,0
16,10,1
16,10,2
16,10,3
16,10,4
16,10,5
16,10,6
16,10,7
16,10,8
16,10,9
16,10,10
16,10,11
16,10,12
16,10,13
16,10,14
16,10,15
16,10,16
16,10,17
16,10,18
16,10,19
16,10,20
16,10,21
16,10,22
16,11,0
16,11,1
16,11,2
16,11,3
16,11,4
16,11,5
16,11,6
16,11,7
16,11,8
16,11,9
16,11,10
16,11,11
16,11,12
16,11,13
16,11,14
16,11,15
16,11,16
16,12,0
16,12,1
16,12,2
16,12,3
16,12,4
16,12,5
16,12,6
17,0,42
17,0,43
17,0,44
17,0,45
17,0,46
17,0,47
17,0,48
17,0,49
17,0,50
17,0,51
17,0,52
17,0,53
17,0,54
17,1,38
17,1,39
17,1,40
17,1,41
17,1,42
17,1,43
17,1,44
17,1,45
17,1,46
17,1,47
17,1,48
17,1,49
17,1,50
17,1,51
17,2,34
17,2,35
17,2,36
17,2,37
17,2,38
17,2,39
17,2,40
17,2,41
17,2,42
17,2,43
17,2,44
17,2,45
17,2,46
17,2,47
17,2,48
17,2,49
17,3,30
17,3,31
17,3,32
17,3,33
17,3,34
17,3,35
17,3,36
17,3,37
17,3,38
17,3,39
17,3,40
17,3,41
17,3,42
17,3,43
17,3,44
17,3,45
17,3,46
17,4,26
17,4,27
17,4,28
17,4,29
17,4,30
17,4,31
17,4,32
17,4,33
17,4,34
17,4,35
17,4,36
17,4,37
17,4,38
17,4,39
17,4,40
17,4,41
17,4,42
17,4,43
17,5,20
17,5,21
17,5,22
17,5,23
17,5,24
17,5,25
17,5,26
17,5,27
17,5,28
17,5,29
17,5,30
17,5,31
17,5,32
17,5,33
17,5,34
17,5,35
17,5,36
17,5,37
17,5,38
17,5,39
17,5,40
17,6,13
17,6,14
17,6,15
17,6,16
17,6,17
17,6,18
17,6,19
17,6,20
17,6,21
17,6,22
17,6,23
17,6,24
17,6,25
17,6,26
17,6,27
17,6,28
17,6,29
17,6,30
17,6,31
17,6,32
17,6,33
17,6,34
17,6,35
17,6,36
17,6,37
17,7,3
17,7,4
17,7,5
17,7,6
17,7,7
17,7,8
17,7,9
17,7,10
17,7,11
17,7,12
17,7,13
17,7,14
17,7,15
17,7,16
17,7,17
17,7,18
17,7,19
17,7,20
17,7,21
17,7,22
17,7,23
17,7,24
17,7,25
17,7,26
17,7,27
17,7,28
17,7,29
17,7,30
17,7,31
17,7,32
17,7,33
17,7,34
17,8,0
17,8,1
17,8,2
17,8,3
17,8,4
17,8,5
17,8,6
17,8,7
17,8,8
17,8,9
17,8,10
17,8,11
17,8,12
17,8,13
17,8,14
17,8,15
17,8,16
17,8,17
17,8,18
17,8,19
17,8,20
17,8,21
17,8,22
17,8,23
17,8,24
17,8,25
17,8,26
17,8,27
17,8,28
17,8,29
17,8,30
17,9,0
17,9,1
17,9,2
17,9,3
17,9,4
17,9,5
17,9,6
17,9,7
17,9,8
17,9,9
17,9,10
17,9,11
17,9,12
17,9,13
17,9,14
17,9,15
17,9,16
17,9,17
17,9,18
17,9,19
17,9,20
17,9,21
17,9,22
17,9,23
17,9,24
17,9,25
17,10,0
17,10,1
17,10,2
17,10,3
17,10,4
17,10,5
17,10,6
17,10,7
17,10,8
17,10,9
17,10,10
17,10,11
17,10,12
17,10,13
17,10,14
17,10,15
17,10,16
17,10,17
17,10,18
17,10,19
17,10,20
17,11,0
17,11,1
17,11,2
17,11,3
17,11,4
17,11,5
17,11,6
17,11,7
17,11,8
17,11,9
17,11,10
17,11,11
17,11,12
17,12,0
17,12,1
17,12,2
18,0,41
18,0,42
18,0,43
18,0,44
18,0,45
18,0,46
18,0,47
18,0,48
18,0,49
18,0,50
18,0,51
18,0,52
18,0,53
18,1,36
18,1,37
18,1,38
18,1,39
18,1,40
18,1,41
18,1,42
18,1,43
18,1,44
18,1,45
18,1,46
18,1,47
18,1,48
18,1,49
18,1,50
18,2,33
18,2,34
18,2,35
18,2,36
18,2,37
18,2,38
18,2,39
18,2,40
18,2,41
18,2,42
18,2,43
18,2,44
18,2,45
18,2,46
18,2,47
18,2,48
18,3,28
18,3,29
18,3,30
18,3,31
18,3,32
18,3,33
18,3,34
18,3,35
18,3,36
18,3,37
18,3,38
18,3,39
18,3,40
18,3,41
18,3,42
18,3,43
18,3,44
18,3,45
18,4,23
18,4,24
18,4,25
18,4,26
18,4,27
18,4,28
18,4,29
18,4,30
18,4,31
18,4,32
18,4,33
18,4,34
18,4,35
18,4,36
18,4,37
18,4,38
18,4,39
18,4,40
18,4,41
18,4,42
18,5,17
18,5,18
18,5,19
18,5,20
18,5,21
18,5,22
18,5,23
18,5,24
18,5,25
18,5,26
18,5,27
18,5,28
18,5,29
18,5,30
18,5,31
18,5,32
18,5,33
18,5,34
18,5,35
18,5,36
18,5,37
18,5,38
18,5,39
18,6,9
18,6,10
18,6,11
18,6,12
18,6,13
18,6,14
18,6,15
18,6,16
18,6,17
18,6,18
18,6,19
18,6,20
18,6,21
18,6,22
18,6,23
18,6,24
18,6,25
18,6,26
18,6,27
18,6,28
18,6,29
18,6,30
18,6,31
18,6,32
18,6,33
18,6,34
18,6,35
18,6,36
18,7,0
18,7,1
18,7,2
18,7,3
18,7,4
18,7,5
18,7,6
18,7,7
18,7,8
18,7,9
18,7,10
18,7,11
18,7,12
18,7,13
18,7,14
18,7,15
18,7,16
18,7,17
18,7,18
18,7,19
18,7,20
18,7,21
18,7,22
18,7,23
18,7,24
18,7,25
18,7,26
18,7,27
18,7,28
18,7,29
18,7,30
18,7,31
18,7,32
18,8,0
18,8,1
18,8,2
18,8,3
18,8,4
18,8,5
18,8,6
18,8,7
18,8,8
18,8,9
18,8,10
18,8,11
18,8,12
18,8,13
18,8,14
18,8,15
18,8,16
18,8,17
18,8,18
18,8,19
18,8,20
18,8,21
18,8,22
18,8,23
18,8,24
18,8,25
18,8,26
18,8,27
18,8,28
18,9,0
18,9,1
18,9,2
18,9,3
18,9,4
18,9,5
18,9,6
18,9,7
18,9,8
18,9,9
18,9,10
18,9,11
18,9,12
18,9,13
18,9,14
18,9,15
18,9,16
18,9,17
18,9,18
18,9,19
18,9,20
18,9,21
18,9,22
18,9,23
18,10,0
18,10,1
18,10,2
18,10,3
18,10,4
18,10,5
18,10,6
18,10,7
18,10,8
18,10,9
18,10,10
18,10,11
18,10,12
18,10,13
18,10,14
18,10,15
18,10,16
18,10,17
18,11,0
18,11,1
18,11,2
18,11,3
18,11,4
18,11,5
18,11,6
18,11,7
18,11,8
19,0,39
19,0,40
19,0,41
19,0,42
19,0,43
19,0,44
19,0,45
19,0,46
19,0,47
19,0,48
19,0,49
19,0,50
19,0,51
19,0,52
19,1,35
19,1,36
19,1,37
19,1,38
19,1,39
19,1,40
19,1,41
19,1,42
19,1,43
19,1,44
19,1,45
19,1,46
19,1,47
19,1,48
19,1,49
19,2,31
19,2,32
19,2,33
19,2,34
19,2,35
19,2,36
19,2,37
19,2,38
19,2,39
19,2,40
19,2,41
19,2,42
19,2,43
19,2,44
19,2,45
19,2,46
19,2,47
19,3,26
19,3,27
19,3,28
19,3,29
19,3,30
19,3,31
19,3,32
19,3,33
19,3,34
19,3,35
19,3,36
19,3,37
19,3,38
19,3,39
19,3,40
19,3,41
19,3,42
19,3,43
19,3,44
19,4,21
19,4,22
19,4,23
19,4,24
19,4,25
19,4,26
19,4,27
19,4,28
19,4,29
19,4,30
19,4,31
19,4,32
19,4,33
19,4,34
19,4,35
19,4,36
19,4,37
19,4,38
19,4,39
19,4,40
19,4,41
19,5,14
19,5,15
19,5,16
19,5,17
19,5,18
19,5,19
19,5,20
19,5,21
19,5,22
19,5,23
19,5,24
19,5,25
19,5,26
19,5,27
19,5,28
19,5,29
19,5,30
19,5,31
19,5,32
19,5,33
19,5,34
19,5,35
19,5,36
19,5,37
19,5,38
19,6,4
19,6,5
19,6,6
19,6,7
19,6,8
19,6,9
19,6,10
19,6,11
19,6,12
19,6,13
19,6,14
19,6,15
19,6,16
19,6,17
19,6,18
19,6,19
19,6,20
19,6,21
19,6,22
19,6,23
19,6,24
19,6,25
19,6,26
19,6,27
19,6,28
19,6,29
19,6,30
19,6,31
19,6,32
19,6,33
19,6,34
19,7,0
19,7,1
19,7,2
19,7,3
19,7,4
19,7,5
19,7,6
19,7,7
19,7,8
19,7,9
19,7,10
19,7,11
19,7,12
19,7,13
19,7,14
19,7,15
19,7,16
19,7,17
19,7,18
19,7,19
19,7,20
19,7,21
19,7,22
19,7,23
19,7,24
19,7,25
19,7,26
19,7,27
19,7,28
19,7,29
19,7,30
19,8,0
19,8,1
19,8,2
19,8,3
19,8,4
19,8,5
19,8,6
19,8,7
19,8,8
19,8,9
19,8,10
19,8,11
19,8,12
19,8,13
19,8,14
19,8,15
19,8,16
19,8,17
19,8,18
19,8,19
19,8,20
19,8,21
19,8,22
19,8,23
19,8,24
19,8,25
19,8,26
19,9,0
19,9,1
19,9,2
19,9,3
19,9,4
19,9,5
19,9,6
19,9,7
19,9,8
19,9,9
19,9,10
19,9,11
19,9,12
19,9,13
19,9,14
19,9,15
19,9,16
19,9,17
19,9,18
19,9,19
19,9,20
19,10,0
19,10,1
19,10,2
19,10,3
19,10,4
19,10,5
19,10,6
19,10,7
19,10,8
19,10,9
19,10,10
19,10,11
19,10,12
19,10,13
19,10,14
19,11,0
19,11,1
19,11,2
19,11,3
19,11,4
20,0,38
20,0,39
20,0,40
20,0,41
20,0,42
20,0,43
20,0,44
20,0,45
20,0,46
20,0,47
20,0,48
20,0,49
20,0,50
20,1,33
20,1,34
20,1,35
20,1,36
20,1,37
20,1,38
20,1,39
20,1,40
20,1,41
20,1,42
20,1,43
20,1,44
20,1,45
20,1,46
20,1,47
20,1,48
20,2,29
20,2,30
20,2,31
20,2,32
20,2,33
20,2,34
20,2,35
20,2,36
20,2,37
20,2,38
20,2,39
20,2,40
20,2,41
20,2,42
20,2,43
20,2,44
20,2,45
20,3,24
20,3,25
20,3,26
20,3,27
20,3,28
20,3,29
20,3,30
20,3,31
20,3,32
20,3,33
20,3,34
20,3,35
20,3,36
20,3,37
20,3,38
20,3,39
20,3,40
20,3,41
20,3,42
20,4,18
20,4,19
20,4,20
20,4,21
20,4,22
20,4,23
20,4,24
20,4,25
20,4,26
20,4,27
20,4,28
20,4,29
20,4,30
20,4,31
20,4,32
20,4,33
20,4,34
20,4,35
20,4,36
20,4,37
20,4,38
20,4,39
20,5,9
20,5,10
20,5,11
20,5,12
20,5,13
20,5,14
20,5,15
20,5,16
20,5,17
20,5,18
20,5,19
20,5,20
20,5,21
20,5,22
20,5,23
20,5,24
20,5,25
20,5,26
20,5,27
20,5,28
20,5,29
20,5,30
20,5,31
20,5,32
20,5,33
20,5,34
20,5,35
20,5,36
20,6,0
20,6,1
20,6,2
20,6,3
20,6,4
20,6,5
20,6,6
20,6,7
20,6,8
20,6,9
20,6,10
20,6,11
20,6,12
20,6,13
20,6,14
20,6,15
20,6,16
20,6,17
20,6,18
20,6,19
20,6,20
20,6,21
20,6,22
20,6,23
20,6,24
20,6,25
20,6,26
20,6,27
20,6,28
20,6,29
20,6,30
20,6,31
20,6,32
20,7,0
20,7,1
20,7,2
20,7,3
20,7,4
20,7,5
20,7,6
20,7,7
20,7,8
20,7,9
20,7,10
20,7,11
20,7,12
20,7,13
20,7,14
20,7,15
20,7,16
20,7,17
20,7,18
20,7,19
20,7,20
20,7,21
20,7,22
20,7,23
20,7,24
20,7,25
20,7,26
20,7,27
20,7,28
20,8,0
20,8,1
20,8,2
20,8,3
20,8,4
20,8,5
20,8,6
20,8,7
20,8,8
20,8,9
20,8,10
20,8,11
20,8,12
20,8,13
20,8,14
20,8,15
20,8,16
20,8,17
20,8,18
20,8,19
20,8,20
20,8,21
20,8,22
20,8,23
20,9,0
20,9,1
20,9,2
20,9,3
20,9,4
20,9,5
20,9,6
20,9,7
20,9,8
20,9,9
20,9,10
20,9,11
20,9,12
20,9,13
20,9,14
20,9,15
20,9,16
20,9,17
20,10,0
20,10,1
20,10,2
20,10,3
20,10,4
20,10,5
20,10,6
20,10,7
20,10,8
20,10,9
21,0,36
21,0,37
21,0,38
21,0,39
21,0,40
21,0,41
21,0,42
21,0,43
21,0,44
21,0,45
21,0,46
21,0,47
21,0,48
21,0,49
21,1,31
21,1,32
21,1,33
21,1,34
21,1,35
21,1,36
21,1,37
21,1,38
21,1,39
21,1,40
21,1,41
21,1,42
21,1,43
21,1,44
21,1,45
21,1,46
21,1,47
21,2,26
21,2,27
21,2,28
21,2,29
21,2,30
21,2,31
21,2,32
21,2,33
21,2,34
21,2,35
21,2,36
21,2,37
21,2,38
21,2,39
21,2,40
21,2,41
21,2,42
21,2,43
21,2,44
21,3,21
21,3,22
21,3,23
21,3,24
21,3,25
21,3,26
21,3,27
21,3,28
21,3,29
21,3,30
21,3,31
21,3,32
21,3,33
21,3,34
21,3,35
21,3,36
21,3,37
21,3,38
21,3,39
21,3,40
21,3,41
21,4,14
21,4,15
21,4,16
21,4,17
21,4,18
21,4,19
21,4,20
21,4,21
21,4,22
21,4,23
21,4,24
21,4,25
21,4,26
21,4,27
21,4,28
21,4,29
21,4,30
21,4,31
21,4,32
21,4,33
21,4,34
21,4,35
21,4,36
21,4,37
21,4,38
21,5,5
21,5,6
21,5,7
21,5,8
21,5,9
21,5,10
21,5,11
21,5,12
21,5,13
21,5,14
21,5,15
21,5,16
21,5,17
21,5,18
21,5,19
21,5,20
21,5,21
21,5,22
21,5,23
21,5,24
21,5,25
21,5,26
21,5,27
21,5,28
21,5,29
21,5,30
21,5,31
21,5,32
21,5,33
21,5,34
21,6,0
21,6,1
21,6,2
21,6,3
21,6,4
21,6,5
21,6,6
21,6,7
21,6,8
21,6,9
21,6,10
21,6,11
21,6,12
21,6,13
21,6,14
21,6,15
21,6,16
21,6,17
21,6,18
21,6,19
21,6,20
21,6,21
21,6,22
21,6,23
21,6,24
21,6,25
21,6,26
21,6,27
21,6,28
21,6,29
21,6,30
21,7,0
21,7,1
21,7,2
21,7,3
21,7,4
21,7,5
21,7,6
21,7,7
21,7,8
21,7,9
21,7,10
21,7,11
21,7,12
21,7,13
21,7,14
21,7,15
21,7,16
21,7,17
21,7,18
21,7,19
21,7,20
21,7,21
21,7,22
21,7,23
21,7,24
21,7,25
21,7,26
21,8,0
21,8,1
21,8,2
21,8,3
21,8,4
21,8,5
21,8,6
21,8,7
21,8,8
21,8,9
21,8,10
21,8,11
21,8,12
21,8,13
21,8,14
21,8,15
21,8,16
21,8,17
21,8,18
21,8,19
21,8,20
21,8,21
21,9,0
21,9,1
21,9,2
21,9,3
21,9,4
21,9,5
21,9,6
21,9,7
21,9,8
21,9,9
21,9,10
21,9,11
21,9,12
21,9,13
21,9,14
21,10,0
21,10,1
21,10,2
21,10,3
21,10,4
21,10,5
22,0,34
22,0,35
22,0,36
22,0,37
22,0,38
22,0,39
22,0,40
22,0,41
22,0,42
22,0,43
22,0,44
22,0,45
22,0,46
22,0,47
22,0,48
22,1,29
22,1,30
22,1,31
22,1,32
22,1,33
22,1,34
22,1,35
22,1,36
22,1,37
22,1,38
22,1,39
22,1,40
22,1,41
22,1,42
22,1,43
22,1,44
22,1,45
22,2,24
22,2,25
22,2,26
22,2,27
22,2,28
22,2,29
22,2,30
22,2,31
22,2,32
22,2,33
22,2,34
22,2,35
22,2,36
22,2,37
22,2,38
22,2,39
22,2,40
22,2,41
22,2,42
22,3,18
22,3,19
22,3,20
22,3,21
22,3,22
22,3,23
22,3,24
22,3,25
22,3,26
22,3,27
22,3,28
22,3,29
22,3,30
22,3,31
22,3,32
22,3,33
22,3,34
22,3,35
22,3,36
22,3,37
22,3,38
22,3,39
22,4,9
22,4,10
22,4,11
22,4,12
22,4,13
22,4,14
22,4,15
22,4,16
22,4,17
22,4,18
22,4,19
22,4,20
22,4,21
22,4,22
22,4,23
22,4,24
22,4,25
22,4,26
22,4,27
22,4,28
22,4,29
22,4,30
22,4,31
22,4,32
22,4,33
22,4,34
22,4,35
22,4,36
22,5,0
22,5,1
22,5,2
22,5,3
22,5,4
22,5,5
22,5,6
22,5,7
22,5,8
22,5,9
22,5,10
22,5,11
22,5,12
22,5,13
22,5,14
22,5,15
22,5,16
22,5,17
22,5,18
22,5,19
22,5,20
22,5,21
22,5,22
22,5,23
22,5,24
22,5,25
22,5,26
22,5,27
22,5,28
22,5,29
22,5,30
22,5,31
22,5,32
22,6,0
22,6,1
22,6,2
22,6,3
22,6,4
22,6,5
22,6,6
22,6,7
22,6,8
22,6,9
22,6,10
22,6,11
22,6,12
22,6,13
22,6,14
22,6,15
22,6,16
22,6,17
22,6,18
22,6,19
22,6,20
22,6,21
22,6,22
22,6,23
22,6,24
22,6,25
22,6,26
22,6,27
22,6,28
22,7,0
22,7,1
22,7,2
22,7,3
22,7,4
22,7,5
22,7,6
22,7,7
22,7,8
22,7,9
22,7,10
22,7,11
22,7,12
22,7,13
22,7,14
22,7,15
22,7,16
22,7,17
22,7,18
22,7,19
22,7,20
22,7,21
22,7,22
22,7,23
22,8,0
22,8,1
22,8,2
22,8,3
22,8,4
22,8,5
22,8,6
22,8,7
22,8,8
22,8,9
22,8,10
22,8,11
22,8,12
22,8,13
22,8,14
22,8,15
22,8,16
22,8,17
22,9,0
22,9,1
22,9,2
22,9,3
22,9,4
22,9,5
22,9,6
22,9,7
22,9,8
22,9,9
23,0,32
23,0,33
23,0,34
23,0,35
23,0,36
23,0,37
23,0,38
23,0,39
23,0,40
23,0,41
23,0,42
23,0,43
23,0,44
23,0,45
23,0,46
23,0,47
23,1,26
23,1,27
23,1,28
23,1,29
23,1,30
23,1,31
23,1,32
23,1,33
23,1,34
23,1,35
23,1,36
23,1,37
23,1,38
23,1,39
23,1,40
23,1,41
23,1,42
23,1,43
23,1,44
23,2,21
23,2,22
23,2,23
23,2,24
23,2,25
23,2,26
23,2,27
23,2,28
23,2,29
23,2,30
23,2,31
23,2,32
23,2,33
23,2,34
23,2,35
23,2,36
23,2,37
23,2,38
23,2,39
23,2,40
23,2,41
23,3,14
23,3,15
23,3,16
23,3,17
23,3,18
23,3,19
23,3,20
23,3,21
23,3,22
23,3,23
23,3,24
23,3,25
23,3,26
23,3,27
23,3,28
23,3,29
23,3,30
23,3,31
23,3,32
23,3,33
23,3,34
23,3,35
23,3,36
23,3,37
23,3,38
23,4,4
23,4,5
23,4,6
23,4,7
23,4,8
23,4,9
23,4,10
23,4,11
23,4,12
23,4,13
23,4,14
23,4,15
23,4,16
23,4,17
23,4,18
23,4,19
23,4,20
23,4,21
23,4,22
23,4,23
23,4,24
23,4,25
23,4,26
23,4,27
23,4,28
23,4,29
23,4,30
23,4,31
23,4,32
23,4,33
23,4,34
23,5,0
23,5,1
23,5,2
23,5,3
23,5,4
23,5,5
23,5,6
23,5,7
23,5,8
23,5,9
23,5,10
23,5,11
23,5,12
23,5,13
23,5,14
23,5,15
23,5,16
23,5,17
23,5,18
23,5,19
23,5,20
23,5,21
23,5,22
23,5,23
23,5,24
23,5,25
23,5,26
23,5,27
23,5,28
23,5,29
23,5,30
23,6,0
23,6,1
23,6,2
23,6,3
23,6,4
23,6,5
23,6,6
23,6,7
23,6,8
23,6,9
23,6,10
23,6,11
23,6,12
23,6,13
23,6,14
23,6,15
23,6,16
23,6,17
23,6,18
23,6,19
23,6,20
23,6,21
23,6,22
23,6,23
23,6,24
23,6,25
23,6,26
23,7,0
23,7,1
23,7,2
23,7,3
23,7,4
23,7,5
23,7,6
23,7,7
23,7,8
23,7,9
23,7,10
23,7,11
23,7,12
23,7,13
23,7,14
23,7,15
23,7,16
23,7,17
23,7,18
23,7,19
23,7,20
23,8,0
23,8,1
23,8,2
23,8,3
23,8,4
23,8,5
23,8,6
23,8,7
23,8,8
23,8,9
23,8,10
23,8,11
23,8,12
23,8,13
23,9,0
23,9,1
23,9,2
23,9,3
23,9,4
24,0,29
24,0,30
24,0,31
24,0,32
24,0,33
24,0,34
24,0,35
24,0,36
24,0,37
24,0,38
24,0,39
24,0,40
24,0,41
24,0,42
24,0,43
24,0,44
24,0,45
24,1,23
24,1,24
24,1,25
24,1,26
24,1,27
24,1,28
24,1,29
24,1,30
24,1,31
24,1,32
24,1,33
24,1,34
24,1,35
24,1,36
24,1,37
24,1,38
24,1,39
24,1,40
24,1,41
24,1,42
24,2,17
24,2,18
24,2,19
24,2,20
24,2,21
24,2,22
24,2,23
24,2,24
24,2,25
24,2,26
24,2,27
24,2,28
24,2,29
24,2,30
24,2,31
24,2,32
24,2,33
24,2,34
24,2,35
24,2,36
24,2,37
24,2,38
24,2,39
24,3,8
24,3,9
24,3,10
24,3,11
24,3,12
24,3,13
24,3,14
24,3,15
24,3,16
24,3,17
24,3,18
24,3,19
24,3,20
24,3,21
24,3,22
24,3,23
24,3,24
24,3,25
24,3,26
24,3,27
24,3,28
24,3,29
24,3,30
24,3,31
24,3,32
24,3,33
24,3,34
24,3,35
24,3,36
24,4,0
24,4,1
24,4,2
24,4,3
24,4,4
24,4,5
24,4,6
24,4,7
24,4,8
24,4,9
24,4,10
24,4,11
24,4,12
24,4,13
24,4,14
24,4,15
24,4,16
24,4,17
24,4,18
24,4,19
24,4,20
24,4,21
24,4,22
24,4,23
24,4,24
24,4,25
24,4,26
24,4,27
24,4,28
24,4,29
24,4,30
24,4,31
24,4,32
24,5,0
24,5,1
24,5,2
24,5,3
24,5,4
24,5,5
24,5,6
24,5,7
24,5,8
24,5,9
24,5,10
24,5,11
24,5,12
24,5,13
24,5,14
24,5,15
24,5,16
24,5,17
24,5,18
24,5,19
24,5,20
24,5,21
24,5,22
24,5,23
24,5,24
24,5,25
24,5,26
24,5,27
24,5,28
24,6,0
24,6,1
24,6,2
24,6,3
24,6,4
24,6,5
24,6,6
24,6,7
24,6,8
24,6,9
24,6,10
24,6,11
24,6,12
24,6,13
24,6,14
24,6,15
24,6,16
24,6,17
24,6,18
24,6,19
24,6,20
24,6,21
24,6,22
24,6,23
24,7,0
24,7,1
24,7,2
24,7,3
24,7,4
24,7,5
24,7,6
24,7,7
24,7,8
24,7,9
24,7,10
24,7,11
24,7,12
24,7,13
24,7,14
24,7,15
24,7,16
24,7,17
24,8,0
24,8,1
24,8,2
24,8,3
24,8,4
24,8,5
24,8,6
24,8,7
24,8,8
25,0,26
25,0,27
25,0,28
25,0,29
25,0,30
25,0,31
25,0,32
25,0,33
25,0,34
25,0,35
25,0,36
25,0,37
25,0,38
25,0,39
25,0,40
25,0,41
25,0,42
25,0,43
25,1,20
25,1,21
25,1,22
25,1,23
25,1,24
25,1,25
25,1,26
25,1,27
25,1,28
25,1,29
25,1,30
25,1,31
25,1,32
25,1,33
25,1,34
25,1,35
25,1,36
25,1,37
25,1,38
25,1,39
25,1,40
25,2,13
25,2,14
25,2,15
25,2,16
25,2,17
25,2,18
25,2,19
25,2,20
25,2,21
25,2,22
25,2,23
25,2,24
25,2,25
25,2,26
25,2,27
25,2,28
25,2,29
25,2,30
25,2,31
25,2,32
25,2,33
25,2,34
25,2,35
25,2,36
25,2,37
25,3,3
25,3,4
25,3,5
25,3,6
25,3,7
25,3,8
25,3,9
25,3,10
25,3,11
25,3,12
25,3,13
25,3,14
25,3,15
25,3,16
25,3,17
25,3,18
25,3,19
25,3,20
25,3,21
25,3,22
25,3,23
25,3,24
25,3,25
25,3,26
25,3,27
25,3,28
25,3,29
25,3,30
25,3,31
25,3,32
25,3,33
25,3,34
25,4,0
25,4,1
25,4,2
25,4,3
25,4,4
25,4,5
25,4,6
25,4,7
25,4,8
25,4,9
25,4,10
25,4,11
25,4,12
25,4,13
25,4,14
25,4,15
25,4,16
25,4,17
25,4,18
25,4,19
25,4,20
25,4,21
25,4,22
25,4,23
25,4,24
25,4,25
25,4,26
25,4,27
25,4,28
25,4,29
25,4,30
25,5,0
25,5,1
25,5,2
25,5,3
25,5,4
25,5,5
25,5,6
25,5,7
25,5,8
25,5,9
25,5,10
25,5,11
25,5,12
25,5,13
25,5,14
25,5,15
25,5,16
25,5,17
25,5,18
25,5,19
25,5,20
25,5,21
25,5,22
25,5,23
25,5,24
25,5,25
25,6,0
25,6,1
25,6,2
25,6,3
25,6,4
25,6,5
25,6,6
25,6,7
25,6,8
25,6,9
25,6,10
25,6,11
25,6,12
25,6,13
25,6,14
25,6,15
25,6,16
25,6,17
25,6,18
25,6,19
25,6,20
25,7,0
25,7,1
25,7,2
25,7,3
25,7,4
25,7,5
25,7,6
25,7,7
25,7,8
25,7,9
25,7,10
25,7,11
25,7,12
25,8,0
25,8,1
25,8,2
25,8,3
26,0,23
26,0,24
26,0,25
26,0,26
26,0,27
26,0,28
26,0,29
26,0,30
26,0,31
26,0,32
26,0,33
26,0,34
26,0,35
26,0,36
26,0,37
26,0,38
26,0,39
26,0,40
26,0,41
26,0,42
26,1,16
26,1,17
26,1,18
26,1,19
26,1,20
26,1,21
26,1,22
26,1,23
26,1,24
26,1,25
26,1,26
26,1,27
26,1,28
26,1,29
26,1,30
26,1,31
26,1,32
26,1,33
26,1,34
26,1,35
26,1,36
26,1,37
26,1,38
26,2,7
26,2,8
26,2,9
26,2,10
26,2,11
26,2,12
26,2,13
26,2,14
26,2,15
26,2,16
26,2,17
26,2,18
26,2,19
26,2,20
26,2,21
26,2,22
26,2,23
26,2,24
26,2,25
26,2,26
26,2,27
26,2,28
26,2,29
26,2,30
26,2,31
26,2,32
26,2,33
26,2,34
26,2,35
26,3,0
26,3,1
26,3,2
26,3,3
26,3,4
26,3,5
26,3,6
26,3,7
26,3,8
26,3,9
26,3,10
26,3,11
26,3,12
26,3,13
26,3,14
26,3,15
26,3,16
26,3,17
26,3,18
26,3,19
26,3,20
26,3,21
26,3,22
26,3,23
26,3,24
26,3,25
26,3,26
26,3,27
26,3,28
26,3,29
26,3,30
26,3,31
26,4,0
26,4,1
26,4,2
26,4,3
26,4,4
26,4,5
26,4,6
26,4,7
26,4,8
26,4,9
26,4,10
26,4,11
26,4,12
26,4,13
26,4,14
26,4,15
26,4,16
26,4,17
26,4,18
26,4,19
26,4,20
26,4,21
26,4,22
26,4,23
26,4,24
26,4,25
26,4,26
26,4,27
26,5,0
26,5,1
26,5,2
26,5,3
26,5,4
26,5,5
26,5,6
26,5,7
26,5,8
26,5,9
26,5,10
26,5,11
26,5,12
26,5,13
26,5,14
26,5,15
26,5,16
26,5,17
26,5,18
26,5,19
26,5,20
26,5,21
26,5,22
26,6,0
26,6,1
26,6,2
26,6,3
26,6,4
26,6,5
26,6,6
26,6,7
26,6,8
26,6,9
26,6,10
26,6,11
26,6,12
26,6,13
26,6,14
26,6,15
26,6,16
26,7,0
26,7,1
26,7,2
26,7,3
26,7,4
26,7,5
26,7,6
26,7,7
27,0,20
27,0,21
27,0,22
27,0,23
27,0,24
27,0,25
27,0,26
27,0,27
27,0,28
27,0,29
27,0,30
27,0,31
27,0,32
27,0,33
27,0,34
27,0,35
27,0,36
27,0,37
27,0,38
27,0,39
27,0,40
27,1,11
27,1,12
27,1,13
27,1,14
27,1,15
27,1,16
27,1,17
27,1,18
27,1,19
27,1,20
27,1,21
27,1,22
27,1,23
27,1,24
27,1,25
27,1,26
27,1,27
27,1,28
27,1,29
27,1,30
27,1,31
27,1,32
27,1,33
27,1,34
27,1,35
27,1,36
27,2,1
27,2,2
27,2,3
27,2,4
27,2,5
27,2,6
27,2,7
27,2,8
27,2,9
27,2,10
27,2,11
27,2,12
27,2,13
27,2,14
27,2,15
27,2,16
27,2,17
27,2,18
27,2,19
27,2,20
27,2,21
27,2,22
27,2,23
27,2,24
27,2,25
27,2,26
27,2,27
27,2,28
27,2,29
27,2,30
27,2,31
27,2,32
27,2,33
27,3,0
27,3,1
27,3,2
27,3,3
27,3,4
27,3,5
27,3,6
27,3,7
27,3,8
27,3,9
27,3,10
27,3,11
27,3,12
27,3,13
27,3,14
27,3,15
27,3,16
27,3,17
27,3,18
27,3,19
27,3,20
27,3,21
27,3,22
27,3,23
27,3,24
27,3,25
27,3,26
27,3,27
27,3,28
27,3,29
27,4,0
27,4,1
27,4,2
27,4,3
27,4,4
27,4,5
27,4,6
27,4,7
27,4,8
27,4,9
27,4,10
27,4,11
27,4,12
27,4,13
27,4,14
27,4,15
27,4,16
27,4,17
27,4,18
27,4,19
27,4,20
27,4,21
27,4,22
27,4,23
27,4,24
27,5,0
27,5,1
27,5,2
27,5,3
27,5,4
27,5,5
27,5,6
27,5,7
27,5,8
27,5,9
27,5,10
27,5,11
27,5,12
27,5,13
27,5,14
27,5,15
27,5,16
27,5,17
27,5,18
27,6,0
27,6,1
27,6,2
27,6,3
27,6,4
27,6,5
27,6,6
27,6,7
27,6,8
27,6,9
27,6,10
27,6,11
27,7,0
27,7,1
28,0,15
28,0,16
28,0,17
28,0,18
28,0,19
28,0,20
28,0,21
28,0,22
28,0,23
28,0,24
28,0,25
28,0,26
28,0,27
28,0,28
28,0,29
28,0,30
28,0,31
28,0,32
28,0,33
28,0,34
28,0,35
28,0,36
28,0,37
28,0,38
28,1,4
28,1,5
28,1,6
28,1,7
28,1,8
28,1,9
28,1,10
28,1,11
28,1,12
28,1,13
28,1,14
28,1,15
28,1,16
28,1,17
28,1,18
28,1,19
28,1,20
28,1,21
28,1,22
28,1,23
28,1,24
28,1,25
28,1,26
28,1,27
28,1,28
28,1,29
28,1,30
28,1,31
28,1,32
28,1,33
28,1,34
28,2,0
28,2,1
28,2,2
28,2,3
28,2,4
28,2,5
28,2,6
28,2,7
28,2,8
28,2,9
28,2,10
28,2,11
28,2,12
28,2,13
28,2,14
28,2,15
28,2,16
28,2,17
28,2,18
28,2,19
28,2,20
28,2,21
28,2,22
28,2,23
28,2,24
28,2,25
28,2,26
28,2,27
28,2,28
28,2,29
28,2,30
28,3,0
28,3,1
28,3,2
28,3,3
28,3,4
28,3,5
28,3,6
28,3,7
28,3,8
28,3,9
28,3,10
28,3,11
28,3,12
28,3,13
28,3,14
28,3,15
28,3,16
28,3,17
28,3,18
28,3,19
28,3,20
28,3,21
28,3,22
28,3,23
28,3,24
28,3,25
28,3,26
28,4,0
28,4,1
28,4,2
28,4,3
28,4,4
28,4,5
28,4,6
28,4,7
28,4,8
28,4,9
28,4,10
28,4,11
28,4,12
28,4,13
28,4,14
28,4,15
28,4,16
28,4,17
28,4,18
28,4,19
28,4,20
28,5,0
28,5,1
28,5,2
28,5,3
28,5,4
28,5,5
28,5,6
28,5,7
28,5,8
28,5,9
28,5,10
28,5,11
28,5,12
28,5,13
28,5,14
28,6,0
28,6,1
28,6,2
28,6,3
28,6,4
29,0,9
29,0,10
29,0,11
29,0,12
29,0,13
29,0,14
29,0,15
29,0,16
29,0,17
29,0,18
29,0,19
29,0,20
29,0,21
29,0,22
29,0,23
29,0,24
29,0,25
29,0,26
29,0,27
29,0,28
29,0,29
29,0,30
29,0,31
29,0,32
29,0,33
29,0,34
29,0,35
29,1,0
29,1,1
29,1,2
29,1,3
29,1,4
29,1,5
29,1,6
29,1,7
29,1,8
29,1,9
29,1,10
29,1,11
29,1,12
29,1,13
29,1,14
29,1,15
29,1,16
29,1,17
29,1,18
29,1,19
29,1,20
29,1,21
29,1,22
29,1,23
29,1,24
29,1,25
29,1,26
29,1,27
29,1,28
29,1,29
29,1,30
29,1,31
29,1,32
29,2,0
29,2,1
29,2,2
29,2,3
29,2,4
29,2,5
29,2,6
29,2,7
29,2,8
29,2,9
29,2,10
29,2,11
29,2,12
29,2,13
29,2,14
29,2,15
29,2,16
29,2,17
29,2,18
29,2,19
29,2,20
29,2,21
29,2,22
29,2,23
29,2,24
29,2,25
29,2,26
29,2,27
29,3,0
29,3,1
29,3,2
29,3,3
29,3,4
29,3,5
29,3,6
29,3,7
29,3,8
29,3,9
29,3,10
29,3,11
29,3,12
29,3,13
29,3,14
29,3,15
29,3,16
29,3,17
29,3,18
29,3,19
29,3,20
29,3,21
29,3,22
29,4,0
29,4,1
29,4,2
29,4,3
29,4,4
29,4,5
29,4,6
29,4,7
29,4,8
29,4,9
29,4,10
29,4,11
29,4,12
29,4,13
29,4,14
29,4,15
29,4,16
29,5,0
29,5,1
29,5,2
29,5,3
29,5,4
29,5,5
29,5,6
29,5,7
29,5,8
30,0,2
30,0,3
30,0,4
30,0,5
30,0,6
30,0,7
30,0,8
30,0,9
30,0,10
30,0,11
30,0,12
30,0,13
30,0,14
30,0,15
30,0,16
30,0,17
30,0,18
30,0,19
30,0,20
30,0,21
30,0,22
30,0,23
30,0,24
30,0,25
30,0,26
30,0,27
30,0,28
30,0,29
30,0,30
30,0,31
30,0,32
30,0,33
30,1,0
30,1,1
30,1,2
30,1,3
30,1,4
30,1,5
30,1,6
30,1,7
30,1,8
30,1,9
30,1,10
30,1,11
30,1,12
30,1,13
30,1,14
30,1,15
30,1,16
30,1,17
30,1,18
30,1,19
30,1,20
30,1,21
30,1,22
30,1,23
30,1,24
30,1,25
30,1,26
30,1,27
30,1,28
30,1,29
30,2,0
30,2,1
30,2,2
30,2,3
30,2,4
30,2,5
30,2,6
30,2,7
30,2,8
30,2,9
30,2,10
30,2,11
30,2,12
30,2,13
30,2,14
30,2,15
30,2,16
30,2,17
30,2,18
30,2,19
30,2,20
30,2,21
30,2,22
30,2,23
30,2,24
30,3,0
30,3,1
30,3,2
30,3,3
30,3,4
30,3,5
30,3,6
30,3,7
30,3,8
30,3,9
30,3,10
30,3,11
30,3,12
30,3,13
30,3,14
30,3,15
30,3,16
30,3,17
30,3,18
30,4,0
30,4,1
30,4,2
30,4,3
30,4,4
30,4,5
30,4,6
30,4,7
30,4,8
30,4,9
30,4,10
30,4,11
30,5,0
30,5,1
31,0,1
31,0,2
31,0,3
31,0,4
31,0,5
31,0,6
31,0,7
31,0,8
31,0,9
31,0,10
31,0,11
31,0,12
31,0,13
31,0,14
31,0,15
31,0,16
31,0,17
31,0,18
31,0,19
31,0,20
31,0,21
31,0,22
31,0,23
31,0,24
31,0,25
31,0,26
31,0,27
31,0,28
31,0,29
31,0,30
31,1,0
31,1,1
31,1,2
31,1,3
31,1,4
31,1,5
31,1,6
31,1,7
31,1,8
31,1,9
31,1,10
31,1,11
31,1,12
31,1,13
31,1,14
31,1,15
31,1,16
31,1,17
31,1,18
31,1,19
31,1,20
31,1,21
31,1,22
31,1,23
31,1,24
31,1,25
31,2,0
31,2,1
31,2,2
31,2,3
31,2,4
31,2,5
31,2,6
31,2,7
31,2,8
31,2,9
31,2,10
31,2,11
31,2,12
31,2,13
31,2,14
31,2,15
31,2,16
31,2,17
31,2,18
31,2,19
31,2,20
31,3,0
31,3,1
31,3,2
31,3,3
31,3,4
31,3,5
31,3,6
31,3,7
31,3,8
31,3,9
31,3,10
31,3,11
31,3,12
31,3,13
31,4,0
31,4,1
31,4,2
31,4,3
31,4,4
32,0,1
32,0,2
32,0,3
32,0,4
32,0,5
32,0,6
32,0,7
32,0,8
32,0,9
32,0,10
32,0,11
32,0,12
32,0,13
32,0,14
32,0,15
32,0,16
32,0,17
32,0,18
32,0,19
32,0,20
32,0,21
32,0,22
32,0,23
32,0,24
32,0,25
32,0,26
32,0,27
32,1,0
32,1,1
32,1,2
32,1,3
32,1,4
32,1,5
32,1,6
32,1,7
32,1,8
32,1,9
32,1,10
32,1,11
32,1,12
32,1,13
32,1,14
32,1,15
32,1,16
32,1,17
32,1,18
32,1,19
32,1,20
32,1,21
32,1,22
32,2,0
32,2,1
32,2,2
32,2,3
32,2,4
32,2,5
32,2,6
32,2,7
32,2,8
32,2,9
32,2,10
32,2,11
32,2,12
32,2,13
32,2,14
32,2,15
32,3,0
32,3,1
32,3,2
32,3,3
32,3,4
32,3,5
32,3,6
33,0,1
33,0,2
33,0,3
33,0,4
33,0,5
33,0,6
33,0,7
33,0,8
33,0,9
33,0,10
33,0,11
33,0,12
33,0,13
33,0,14
33,0,15
33,0,16
33,0,17
33,0,18
33,0,19
33,0,20
33,0,21
33,0,22
33,0,23
33,1,0
33,1,1
33,1,2
33,1,3
33,1,4
33,1,5
33,1,6
33,1,7
33,1,8
33,1,9
33,1,10
33,1,11
33,1,12
33,1,13
33,1,14
33,1,15
33,1,16
33,1,17
33,2,0
33,2,1
33,2,2
33,2,3
33,2,4
33,2,5
33,2,6
33,2,7
33,2,8
33,2,9
34,0,1
34,0,2
34,0,3
34,0,4
34,0,5
34,0,6
34,0,7
34,0,8
34,0,9
34,0,10
34,0,11
34,0,12
34,0,13
34,0,14
34,0,15
34,0,16
34,0,17
34,0,18
34,0,19
34,1,0
34,1,1
34,1,2
34,1,3
34,1,4
34,1,5
34,1,6
34,1,7
34,1,8
34,1,9
34,1,10
34,1,11
34,2,0
34,2,1
35,0,1
35,0,2
35,0,3
35,0,4
35,0,5
35,0,6
35,0,7
35,0,8
35,0,9
35,0,10
35,0,11
35,0,12
35,0,13
35,1,0
35,1,1
35,1,2
35,1,3
36,0,1
36,0,2
36,0,3
36,0,4
36,0,5
