0,0,66
1,0,65
2,0,65
3,0,64
4,0,64
5,0,63
7,0,62
8,0,61
9,0,61
10,0,60
11,0,60
12,0,59
6,0,63
13,0,58
14,0,57
15,0,57
16,0,56
17,0,55
18,0,54
19,0,53
20,0,51
21,0,50
22,0,49
23,0,48
24,0,46
25,0,44
26,0,43
27,0,41
28,0,39
29,0,36
30,0,34
31,0,31
32,0,28
33,0,24
34,0,20
35,0,14
36,0,6
37,0,0
38,0,0
39,0,0
40,0,0
41,0,0
42,0,0
0,0,67
0,0,68
0,0,69
0,0,70
0,0,71
0,0,72
0,0,73
0,0,74
0,1,64
0,1,65
0,1,66
0,1,67
0,1,68
0,1,69
0,1,70
0,1,71
0,1,72
0,2,62
0,2,63
0,2,64
0,2,65
0,2,66
0,2,67
0,2,68
0,2,69
0,2,70
0,3,60
0,3,61
0,3,62
0,3,63
0,3,64
0,3,65
0,3,66
0,3,67
0,3,68
0,3,69
0,4,58
0,4,59
0,4,60
0,4,61
0,4,62
0,4,63
0,4,64
0,4,65
0,4,66
0,4,67
0,5,56
0,5,57
0,5,58
0,5,59
0,5,60
0,5,61
0,5,62
0,5,63
0,5,64
0,5,65
0,6,54
0,6,55
0,6,56
0,6,57
0,6,58
0,6,59
0,6,60
0,6,61
0,6,62
0,6,63
0,7,51
0,7,52
0,7,53
0,7,54
0,7,55
0,7,56
0,7,57
0,7,58
0,7,59
0,7,60
0,7,61
0,8,49
0,8,50
0,8,51
0,8,52
0,8,53
0,8,54
0,8,55
0,8,56
0,8,57
0,8,58
0,8,59
0,9,46
0,9,47
0,9,48
0,9,49
0,9,50
0,9,51
0,9,52
0,9,53
0,9,54
0,9,55
0,9,56
0,9,57
0,10,43
0,10,44
0,10,45
0,10,46
0,10,47
0,10,48
0,10,49
0,10,50
0,10,51
0,10,52
0,10,53
0,10,54
0,10,55
0,11,40
0,11,41
0,11,42
0,11,43
0,11,44
0,11,45
0,11,46
0,11,47
0,11,48
0,11,49
0,11,50
0,11,51
0,11,52
0,11,53
0,12,36
0,12,37
0,12,38
0,12,39
0,12,40
0,12,41
0,12,42
0,12,43
0,12,44
0,12,45
0,12,46
0,12,47
0,12,48
0,12,49
0,12,50
0,13,32
0,13,33
0,13,34
0,13,35
0,13,36
0,13,37
0,13,38
0,13,39
0,13,40
0,13,41
0,13,42
0,13,43
0,13,44
0,13,45
0,13,46
0,13,47
0,14,26
0,14,27
0,14,28
0,14,29
0,14,30
0,14,31
0,14,32
0,14,33
0,14,34
0,14,35
0,14,36
0,14,37
0,14,38
0,14,39
0,14,40
0,14,41
0,14,42
0,14,43
0,14,44
0,15,19
0,15,20
0,15,21
0,15,22
0,15,23
0,15,24
0,15,25
0,15,26
0,15,27
0,15,28
0,15,29
0,15,30
0,15,31
0,15,32
0,15,33
0,15,34
0,15,35
0,15,36
0,15,37
0,15,38
0,15,39
0,15,40
0,16,8
0,16,9
0,16,10
0,16,11
0,16,12
0,16,13
0,16,14
0,16,15
0,16,16
0,16,17
0,16,18
0,16,19
0,16,20
0,16,21
0,16,22
0,16,23
0,16,24
0,16,25
0,16,26
0,16,27
0,16,28
0,16,29
0,16,30
0,16,31
0,16,32
0,16,33
0,16,34
0,16,35
0,16,36
0,17,0
0,17,1
0,17,2
0,17,3
0,17,4
0,17,5
0,17,6
0,17,7
0,17,8
0,17,9
0,17,10
0,17,11
0,17,12
0,17,13
0,17,14
0,17,15
0,17,16
0,17,17
0,17,18
0,17,19
0,17,20
0,17,21
0,17,22
0,17,23
0,17,24
0,17,25
0,17,26
0,17,27
0,17,28
0,17,29
0,17,30
0,18,0
0,18,1
0,18,2
0,18,3
0,18,4
0,18,5
0,18,6
0,18,7
0,18,8
0,18,9
0,18,10
0,18,11
0,18,12
0,18,13
0,18,14
0,18,15
0,18,16
0,18,17
0,18,18
0,18,19
0,18,20
0,18,21
0,18,22
0,18,23
0,19,0
0,19,1
0,19,2
0,19,3
0,19,4
0,19,5
0,19,6
0,19,7
0,19,8
0,19,9
0,19,10
0,19,11
0,19,12
0,19,13
0,19,14
1,0,66
1,0,67
1,0,68
1,0,69
1,0,70
1,0,71
1,0,72
1,0,73
1,1,64
1,1,65
1,1,66
1,1,67
1,1,68
1,1,69
1,1,70
1,1,71
1,1,72
1,2,62
1,2,63
1,2,64
1,2,65
1,2,66
1,2,67
1,2,68
1,2,69
1,2,70
1,3,60
1,3,61
1,3,62
1,3,63
1,3,64
1,3,65
1,3,66
1,3,67
1,3,68
1,4,57
1,4,58
1,4,59
1,4,60
1,4,61
1,4,62
1,4,63
1,4,64
1,4,65
1,4,66
1,5,55
1,5,56
1,5,57
1,5,58
1,5,59
1,5,60
1,5,61
1,5,62
1,5,63
1,5,64
1,5,65
1,6,53
1,6,54
1,6,55
1,6,56
1,6,57
1,6,58
1,6,59
1,6,60
1,6,61
1,6,62
1,6,63
1,7,50
1,7,51
1,7,52
1,7,53
1,7,54
1,7,55
1,7,56
1,7,57
1,7,58
1,7,59
1,7,60
1,7,61
1,8,48
1,8,49
1,8,50
1,8,51
1,8,52
1,8,53
1,8,54
1,8,55
1,8,56
1,8,57
1,8,58
1,8,59
1,9,45
1,9,46
1,9,47
1,9,48
1,9,49
1,9,50
1,9,51
1,9,52
1,9,53
1,9,54
1,9,55
1,9,56
1,9,57
1,10,42
1,10,43
1,10,44
1,10,45
1,10,46
1,10,47
1,10,48
1,10,49
1,10,50
1,10,51
1,10,52
1,10,53
1,10,54
1,11,39
1,11,40
1,11,41
1,11,42
1,11,43
1,11,44
1,11,45
1,11,46
1,11,47
1,11,48
1,11,49
1,11,50
1,11,51
1,11,52
1,12,35
1,12,36
1,12,37
1,12,38
1,12,39
1,12,40
1,12,41
1,12,42
1,12,43
1,12,44
1,12,45
1,12,46
1,12,47
1,12,48
1,12,49
1,13,30
1,13,31
1,13,32
1,13,33
1,13,34
1,13,35
1,13,36
1,13,37
1,13,38
1,13,39
1,13,40
1,13,41
1,13,42
1,13,43
1,13,44
1,13,45
1,13,46
1,14,25
1,14,26
1,14,27
1,14,28
1,14,29
1,14,30
1,14,31
1,14,32
1,14,33
1,14,34
1,14,35
1,14,36
1,14,37
1,14,38
1,14,39
1,14,40
1,14,41
1,14,42
1,14,43
1,15,17
1,15,18
1,15,19
1,15,20
1,15,21
1,15,22
1,15,23
1,15,24
1,15,25
1,15,26
1,15,27
1,15,28
1,15,29
1,15,30
1,15,31
1,15,32
1,15,33
1,15,34
1,15,35
1,15,36
1,15,37
1,15,38
1,15,39
1,16,5
1,16,6
1,16,7
1,16,8
1,16,9
1,16,10
1,16,11
1,16,12
1,16,13
1,16,14
1,16,15
1,16,16
1,16,17
1,16,18
1,16,19
1,16,20
1,16,21
1,16,22
1,16,23
1,16,24
1,16,25
1,16,26
1,16,27
1,16,28
1,16,29
1,16,30
1,16,31
1,16,32
1,16,33
1,16,34
1,17,0
1,17,1
1,17,2
1,17,3
1,17,4
1,17,5
1,17,6
1,17,7
1,17,8
1,17,9
1,17,10
1,17,11
1,17,12
1,17,13
1,17,14
1,17,15
1,17,16
1,17,17
1,17,18
1,17,19
1,17,20
1,17,21
1,17,22
1,17,23
1,17,24
1,17,25
1,17,26
1,17,27
1,17,28
1,17,29
1,18,0
1,18,1
1,18,2
1,18,3
1,18,4
1,18,5
1,18,6
1,18,7
1,18,8
1,18,9
1,18,10
1,18,11
1,18,12
1,18,13
1,18,14
1,18,15
1,18,16
1,18,17
1,18,18
1,18,19
1,18,20
1,18,21
1,18,22
1,19,0
1,19,1
1,19,2
1,19,3
1,19,4
1,19,5
1,19,6
1,19,7
1,19,8
1,19,9
1,19,10
1,19,11
2,0,66
2,0,67
2,0,68
2,0,69
2,0,70
2,0,71
2,0,72
2,0,73
2,1,63
2,1,64
2,1,65
2,1,66
2,1,67
2,1,68
2,1,69
2,1,70
2,1,71
2,2,61
2,2,62
2,2,63
2,2,64
2,2,65
2,2,66
2,2,67
2,2,68
2,2,69
2,3,59
2,3,60
2,3,61
2,3,62
2,3,63
2,3,64
2,3,65
2,3,66
2,3,67
2,3,68
2,4,57
2,4,58
2,4,59
2,4,60
2,4,61
2,4,62
2,4,63
2,4,64
2,4,65
2,4,66
2,5,54
2,5,55
2,5,56
2,5,57
2,5,58
2,5,59
2,5,60
2,5,61
2,5,62
2,5,63
2,5,64
2,6,52
2,6,53
2,6,54
2,6,55
2,6,56
2,6,57
2,6,58
2,6,59
2,6,60
2,6,61
2,6,62
2,7,50
2,7,51
2,7,52
2,7,53
2,7,54
2,7,55
2,7,56
2,7,57
2,7,58
2,7,59
2,7,60
2,8,47
2,8,48
2,8,49
2,8,50
2,8,51
2,8,52
2,8,53
2,8,54
2,8,55
2,8,56
2,8,57
2,8,58
2,9,44
2,9,45
2,9,46
2,9,47
2,9,48
2,9,49
2,9,50
2,9,51
2,9,52
2,9,53
2,9,54
2,9,55
2,9,56
2,10,41
2,10,42
2,10,43
2,10,44
2,10,45
2,10,46
2,10,47
2,10,48
2,10,49
2,10,50
2,10,51
2,10,52
2,10,53
2,10,54
2,11,38
2,11,39
2,11,40
2,11,41
2,11,42
2,11,43
2,11,44
2,11,45
2,11,46
2,11,47
2,11,48
2,11,49
2,11,50
2,11,51
2,12,34
2,12,35
2,12,36
2,12,37
2,12,38
2,12,39
2,12,40
2,12,41
2,12,42
2,12,43
2,12,44
2,12,45
2,12,46
2,12,47
2,12,48
2,12,49
2,13,29
2,13,30
2,13,31
2,13,32
2,13,33
2,13,34
2,13,35
2,13,36
2,13,37
2,13,38
2,13,39
2,13,40
2,13,41
2,13,42
2,13,43
2,13,44
2,13,45
2,13,46
2,14,23
2,14,24
2,14,25
2,14,26
2,14,27
2,14,28
2,14,29
2,14,30
2,14,31
2,14,32
2,14,33
2,14,34
2,14,35
2,14,36
2,14,37
2,14,38
2,14,39
2,14,40
2,14,41
2,14,42
2,15,15
2,15,16
2,15,17
2,15,18
2,15,19
2,15,20
2,15,21
2,15,22
2,15,23
2,15,24
2,15,25
2,15,26
2,15,27
2,15,28
2,15,29
2,15,30
2,15,31
2,15,32
2,15,33
2,15,34
2,15,35
2,15,36
2,15,37
2,15,38
2,16,2
2,16,3
2,16,4
2,16,5
2,16,6
2,16,7
2,16,8
2,16,9
2,16,10
2,16,11
2,16,12
2,16,13
2,16,14
2,16,15
2,16,16
2,16,17
2,16,18
2,16,19
2,16,20
2,16,21
2,16,22
2,16,23
2,16,24
2,16,25
2,16,26
2,16,27
2,16,28
2,16,29
2,16,30
2,16,31
2,16,32
2,16,33
2,17,0
2,17,1
2,17,2
2,17,3
2,17,4
2,17,5
2,17,6
2,17,7
2,17,8
2,17,9
2,17,10
2,17,11
2,17,12
2,17,13
2,17,14
2,17,15
2,17,16
2,17,17
2,17,18
2,17,19
2,17,20
2,17,21
2,17,22
2,17,23
2,17,24
2,17,25
2,17,26
2,17,27
2,17,28
2,18,0
2,18,1
2,18,2
2,18,3
2,18,4
2,18,5
2,18,6
2,18,7
2,18,8
2,18,9
2,18,10
2,18,11
2,18,12
2,18,13
2,18,14
2,18,15
2,18,16
2,18,17
2,18,18
2,18,19
2,18,20
2,19,0
2,19,1
2,19,2
2,19,3
2,19,4
2,19,5
2,19,6
2,19,7
2,19,8
3,0,65
3,0,66
3,0,67
3,0,68
3,0,69
3,0,70
3,0,71
3,0,72
3,1,62
3,1,63
3,1,64
3,1,65
3,1,66
3,1,67
3,1,68
3,1,69
3,1,70
3,1,71
3,2,60
3,2,61
3,2,62
3,2,63
3,2,64
3,2,65
3,2,66
3,2,67
3,2,68
3,2,69
3,3,58
3,3,59
3,3,60
3,3,61
3,3,62
3,3,63
3,3,64
3,3,65
3,3,66
3,3,67
3,4,56
3,4,57
3,4,58
3,4,59
3,4,60
3,4,61
3,4,62
3,4,63
3,4,64
3,4,65
3,5,54
3,5,55
3,5,56
3,5,57
3,5,58
3,5,59
3,5,60
3,5,61
3,5,62
3,5,63
3,5,64
3,6,51
3,6,52
3,6,53
3,6,54
3,6,55
3,6,56
3,6,57
3,6,58
3,6,59
3,6,60
3,6,61
3,6,62
3,7,49
3,7,50
3,7,51
3,7,52
3,7,53
3,7,54
3,7,55
3,7,56
3,7,57
3,7,58
3,7,59
3,7,60
3,8,46
3,8,47
3,8,48
3,8,49
3,8,50
3,8,51
3,8,52
3,8,53
3,8,54
3,8,55
3,8,56
3,8,57
3,9,43
3,9,44
3,9,45
3,9,46
3,9,47
3,9,48
3,9,49
3,9,50
3,9,51
3,9,52
3,9,53
3,9,54
3,9,55
3,10,40
3,10,41
3,10,42
3,10,43
3,10,44
3,10,45
3,10,46
3,10,47
3,10,48
3,10,49
3,10,50
3,10,51
3,10,52
3,10,53
3,11,37
3,11,38
3,11,39
3,11,40
3,11,41
3,11,42
3,11,43
3,11,44
3,11,45
3,11,46
3,11,47
3,11,48
3,11,49
3,11,50
3,11,51
3,12,33
3,12,34
3,12,35
3,12,36
3,12,37
3,12,38
3,12,39
3,12,40
3,12,41
3,12,42
3,12,43
3,12,44
3,12,45
3,12,46
3,12,47
3,12,48
3,13,28
3,13,29
3,13,30
3,13,31
3,13,32
3,13,33
3,13,34
3,13,35
3,13,36
3,13,37
3,13,38
3,13,39
3,13,40
3,13,41
3,13,42
3,13,43
3,13,44
3,13,45
3,14,21
3,14,22
3,14,23
3,14,24
3,14,25
3,14,26
3,14,27
3,14,28
3,14,29
3,14,30
3,14,31
3,14,32
3,14,33
3,14,34
3,14,35
3,14,36
3,14,37
3,14,38
3,14,39
3,14,40
3,14,41
3,15,12
3,15,13
3,15,14
3,15,15
3,15,16
3,15,17
3,15,18
3,15,19
3,15,20
3,15,21
3,15,22
3,15,23
3,15,24
3,15,25
3,15,26
3,15,27
3,15,28
3,15,29
3,15,30
3,15,31
3,15,32
3,15,33
3,15,34
3,15,35
3,15,36
3,15,37
3,16,0
3,16,1
3,16,2
3,16,3
3,16,4
3,16,5
3,16,6
3,16,7
3,16,8
3,16,9
3,16,10
3,16,11
3,16,12
3,16,13
3,16,14
3,16,15
3,16,16
3,16,17
3,16,18
3,16,19
3,16,20
3,16,21
3,16,22
3,16,23
3,16,24
3,16,25
3,16,26
3,16,27
3,16,28
3,16,29
3,16,30
3,16,31
3,16,32
3,17,0
3,17,1
3,17,2
3,17,3
3,17,4
3,17,5
3,17,6
3,17,7
3,17,8
3,17,9
3,17,10
3,17,11
3,17,12
3,17,13
3,17,14
3,17,15
3,17,16
3,17,17
3,17,18
3,17,19
3,17,20
3,17,21
3,17,22
3,17,23
3,17,24
3,17,25
3,17,26
3,18,0
3,18,1
3,18,2
3,18,3
3,18,4
3,18,5
3,18,6
3,18,7
3,18,8
3,18,9
3,18,10
3,18,11
3,18,12
3,18,13
3,18,14
3,18,15
3,18,16
3,18,17
3,18,18
3,19,0
3,19,1
3,19,2
3,19,3
3,19,4
3,19,5
4,0,65
4,0,66
4,0,67
4,0,68
4,0,69
4,0,70
4,0,71
4,0,72
4,1,62
4,1,63
4,1,64
4,1,65
4,1,66
4,1,67
4,1,68
4,1,69
4,1,70
4,2,60
4,2,61
4,2,62
4,2,63
4,2,64
4,2,65
4,2,66
4,2,67
4,2,68
4,3,58
4,3,59
4,3,60
4,3,61
4,3,62
4,3,63
4,3,64
4,3,65
4,3,66
4,3,67
4,4,55
4,4,56
4,4,57
4,4,58
4,4,59
4,4,60
4,4,61
4,4,62
4,4,63
4,4,64
4,4,65
4,5,53
4,5,54
4,5,55
4,5,56
4,5,57
4,5,58
4,5,59
4,5,60
4,5,61
4,5,62
4,5,63
4,6,51
4,6,52
4,6,53
4,6,54
4,6,55
4,6,56
4,6,57
4,6,58
4,6,59
4,6,60
4,6,61
4,7,48
4,7,49
4,7,50
4,7,51
4,7,52
4,7,53
4,7,54
4,7,55
4,7,56
4,7,57
4,7,58
4,7,59
4,8,45
4,8,46
4,8,47
4,8,48
4,8,49
4,8,50
4,8,51
4,8,52
4,8,53
4,8,54
4,8,55
4,8,56
4,8,57
4,9,42
4,9,43
4,9,44
4,9,45
4,9,46
4,9,47
4,9,48
4,9,49
4,9,50
4,9,51
4,9,52
4,9,53
4,9,54
4,9,55
4,10,39
4,10,40
4,10,41
4,10,42
4,10,43
4,10,44
4,10,45
4,10,46
4,10,47
4,10,48
4,10,49
4,10,50
4,10,51
4,10,52
4,11,36
4,11,37
4,11,38
4,11,39
4,11,40
4,11,41
4,11,42
4,11,43
4,11,44
4,11,45
4,11,46
4,11,47
4,11,48
4,11,49
4,11,50
4,12,31
4,12,32
4,12,33
4,12,34
4,12,35
4,12,36
4,12,37
4,12,38
4,12,39
4,12,40
4,12,41
4,12,42
4,12,43
4,12,44
4,12,45
4,12,46
4,12,47
4,13,26
4,13,27
4,13,28
4,13,29
4,13,30
4,13,31
4,13,32
4,13,33
4,13,34
4,13,35
4,13,36
4,13,37
4,13,38
4,13,39
4,13,40
4,13,41
4,13,42
4,13,43
4,13,44
4,14,20
4,14,21
4,14,22
4,14,23
4,14,24
4,14,25
4,14,26
4,14,27
4,14,28
4,14,29
4,14,30
4,14,31
4,14,32
4,14,33
4,14,34
4,14,35
4,14,36
4,14,37
4,14,38
4,14,39
4,14,40
4,15,10
4,15,11
4,15,12
4,15,13
4,15,14
4,15,15
4,15,16
4,15,17
4,15,18
4,15,19
4,15,20
4,15,21
4,15,22
4,15,23
4,15,24
4,15,25
4,15,26
4,15,27
4,15,28
4,15,29
4,15,30
4,15,31
4,15,32
4,15,33
4,15,34
4,15,35
4,15,36
4,16,0
4,16,1
4,16,2
4,16,3
4,16,4
4,16,5
4,16,6
4,16,7
4,16,8
4,16,9
4,16,10
4,16,11
4,16,12
4,16,13
4,16,14
4,16,15
4,16,16
4,16,17
4,16,18
4,16,19
4,16,20
4,16,21
4,16,22
4,16,23
4,16,24
4,16,25
4,16,26
4,16,27
4,16,28
4,16,29
4,16,30
4,16,31
4,17,0
4,17,1
4,17,2
4,17,3
4,17,4
4,17,5
4,17,6
4,17,7
4,17,8
4,17,9
4,17,10
4,17,11
4,17,12
4,17,13
4,17,14
4,17,15
4,17,16
4,17,17
4,17,18
4,17,19
4,17,20
4,17,21
4,17,22
4,17,23
4,17,24
4,17,25
4,18,0
4,18,1
4,18,2
4,18,3
4,18,4
4,18,5
4,18,6
4,18,7
4,18,8
4,18,9
4,18,10
4,18,11
4,18,12
4,18,13
4,18,14
4,18,15
4,18,16
4,19,0
4,19,1
4,19,2
4,19,3
5,0,64
5,0,65
5,0,66
5,0,67
5,0,68
5,0,69
5,0,70
5,0,71
5,1,61
5,1,62
5,1,63
5,1,64
5,1,65
5,1,66
5,1,67
5,1,68
5,1,69
5,1,70
5,2,59
5,2,60
5,2,61
5,2,62
5,2,63
5,2,64
5,2,65
5,2,66
5,2,67
5,2,68
5,3,57
5,3,58
5,3,59
5,3,60
5,3,61
5,3,62
5,3,63
5,3,64
5,3,65
5,3,66
5,4,55
5,4,56
5,4,57
5,4,58
5,4,59
5,4,60
5,4,61
5,4,62
5,4,63
5,4,64
5,5,52
5,5,53
5,5,54
5,5,55
5,5,56
5,5,57
5,5,58
5,5,59
5,5,60
5,5,61
5,5,62
5,6,50
5,6,51
5,6,52
5,6,53
5,6,54
5,6,55
5,6,56
5,6,57
5,6,58
5,6,59
5,6,60
5,7,47
5,7,48
5,7,49
5,7,50
5,7,51
5,7,52
5,7,53
5,7,54
5,7,55
5,7,56
5,7,57
5,7,58
5,8,44
5,8,45
5,8,46
5,8,47
5,8,48
5,8,49
5,8,50
5,8,51
5,8,52
5,8,53
5,8,54
5,8,55
5,8,56
5,9,41
5,9,42
5,9,43
5,9,44
5,9,45
5,9,46
5,9,47
5,9,48
5,9,49
5,9,50
5,9,51
5,9,52
5,9,53
5,9,54
5,10,38
5,10,39
5,10,40
5,10,41
5,10,42
5,10,43
5,10,44
5,10,45
5,10,46
5,10,47
5,10,48
5,10,49
5,10,50
5,10,51
5,10,52
5,11,35
5,11,36
5,11,37
5,11,38
5,11,39
5,11,40
5,11,41
5,11,42
5,11,43
5,11,44
5,11,45
5,11,46
5,11,47
5,11,48
5,11,49
5,12,30
5,12,31
5,12,32
5,12,33
5,12,34
5,12,35
5,12,36
5,12,37
5,12,38
5,12,39
5,12,40
5,12,41
5,12,42
5,12,43
5,12,44
5,12,45
5,12,46
5,13,25
5,13,26
5,13,27
5,13,28
5,13,29
5,13,30
5,13,31
5,13,32
5,13,33
5,13,34
5,13,35
5,13,36
5,13,37
5,13,38
5,13,39
5,13,40
5,13,41
5,13,42
5,13,43
5,14,18
5,14,19
5,14,20
5,14,21
5,14,22
5,14,23
5,14,24
5,14,25
5,14,26
5,14,27
5,14,28
5,14,29
5,14,30
5,14,31
5,14,32
5,14,33
5,14,34
5,14,35
5,14,36
5,14,37
5,14,38
5,14,39
5,15,7
5,15,8
5,15,9
5,15,10
5,15,11
5,15,12
5,15,13
5,15,14
5,15,15
5,15,16
5,15,17
5,15,18
5,15,19
5,15,20
5,15,21
5,15,22
5,15,23
5,15,24
5,15,25
5,15,26
5,15,27
5,15,28
5,15,29
5,15,30
5,15,31
5,15,32
5,15,33
5,15,34
5,15,35
5,16,0
5,16,1
5,16,2
5,16,3
5,16,4
5,16,5
5,16,6
5,16,7
5,16,8
5,16,9
5,16,10
5,16,11
5,16,12
5,16,13
5,16,14
5,16,15
5,16,16
5,16,17
5,16,18
5,16,19
5,16,20
5,16,21
5,16,22
5,16,23
5,16,24
5,16,25
5,16,26
5,16,27
5,16,28
5,16,29
5,16,30
5,17,0
5,17,1
5,17,2
5,17,3
5,17,4
5,17,5
5,17,6
5,17,7
5,17,8
5,17,9
5,17,10
5,17,11
5,17,12
5,17,13
5,17,14
5,17,15
5,17,16
5,17,17
5,17,18
5,17,19
5,17,20
5,17,21
5,17,22
5,17,23
5,18,0
5,18,1
5,18,2
5,18,3
5,18,4
5,18,5
5,18,6
5,18,7
5,18,8
5,18,9
5,18,10
5,18,11
5,18,12
5,18,13
5,18,14
5,19,0
7,0,63
7,0,64
7,0,65
7,0,66
7,0,67
7,0,68
7,0,69
7,0,70
7,1,60
7,1,61
7,1,62
7,1,63
7,1,64
7,1,65
7,1,66
7,1,67
7,1,68
7,1,69
7,2,58
7,2,59
7,2,60
7,2,61
7,2,62
7,2,63
7,2,64
7,2,65
7,2,66
7,2,67
7,3,56
7,3,57
7,3,58
7,3,59
7,3,60
7,3,61
7,3,62
7,3,63
7,3,64
7,3,65
7,4,53
7,4,54
7,4,55
7,4,56
7,4,57
7,4,58
7,4,59
7,4,60
7,4,61
7,4,62
7,4,63
7,5,51
7,5,52
7,5,53
7,5,54
7,5,55
7,5,56
7,5,57
7,5,58
7,5,59
7,5,60
7,5,61
7,6,48
7,6,49
7,6,50
7,6,51
7,6,52
7,6,53
7,6,54
7,6,55
7,6,56
7,6,57
7,6,58
7,6,59
7,7,46
7,7,47
7,7,48
7,7,49
7,7,50
7,7,51
7,7,52
7,7,53
7,7,54
7,7,55
7,7,56
7,7,57
7,8,43
7,8,44
7,8,45
7,8,46
7,8,47
7,8,48
7,8,49
7,8,50
7,8,51
7,8,52
7,8,53
7,8,54
7,8,55
7,9,40
7,9,41
7,9,42
7,9,43
7,9,44
7,9,45
7,9,46
7,9,47
7,9,48
7,9,49
7,9,50
7,9,51
7,9,52
7,9,53
7,10,36
7,10,37
7,10,38
7,10,39
7,10,40
7,10,41
7,10,42
7,10,43
7,10,44
7,10,45
7,10,46
7,10,47
7,10,48
7,10,49
7,10,50
7,11,32
7,11,33
7,11,34
7,11,35
7,11,36
7,11,37
7,11,38
7,11,39
7,11,40
7,11,41
7,11,42
7,11,43
7,11,44
7,11,45
7,11,46
7,11,47
7,11,48
7,12,28
7,12,29
7,12,30
7,12,31
7,12,32
7,12,33
7,12,34
7,12,35
7,12,36
7,12,37
7,12,38
7,12,39
7,12,40
7,12,41
7,12,42
7,12,43
7,12,44
7,12,45
7,13,22
7,13,23
7,13,24
7,13,25
7,13,26
7,13,27
7,13,28
7,13,29
7,13,30
7,13,31
7,13,32
7,13,33
7,13,34
7,13,35
7,13,36
7,13,37
7,13,38
7,13,39
7,13,40
7,13,41
7,14,13
7,14,14
7,14,15
7,14,16
7,14,17
7,14,18
7,14,19
7,14,20
7,14,21
7,14,22
7,14,23
7,14,24
7,14,25
7,14,26
7,14,27
7,14,28
7,14,29
7,14,30
7,14,31
7,14,32
7,14,33
7,14,34
7,14,35
7,14,36
7,14,37
7,15,1
7,15,2
7,15,3
7,15,4
7,15,5
7,15,6
7,15,7
7,15,8
7,15,9
7,15,10
7,15,11
7,15,12
7,15,13
7,15,14
7,15,15
7,15,16
7,15,17
7,15,18
7,15,19
7,15,20
7,15,21
7,15,22
7,15,23
7,15,24
7,15,25
7,15,26
7,15,27
7,15,28
7,15,29
7,15,30
7,15,31
7,15,32
7,15,33
7,16,0
7,16,1
7,16,2
7,16,3
7,16,4
7,16,5
7,16,6
7,16,7
7,16,8
7,16,9
7,16,10
7,16,11
7,16,12
7,16,13
7,16,14
7,16,15
7,16,16
7,16,17
7,16,18
7,16,19
7,16,20
7,16,21
7,16,22
7,16,23
7,16,24
7,16,25
7,16,26
7,16,27
7,17,0
7,17,1
7,17,2
7,17,3
7,17,4
7,17,5
7,17,6
7,17,7
7,17,8
7,17,9
7,17,10
7,17,11
7,17,12
7,17,13
7,17,14
7,17,15
7,17,16
7,17,17
7,17,18
7,17,19
7,17,20
7,18,0
7,18,1
7,18,2
7,18,3
7,18,4
7,18,5
7,18,6
7,18,7
7,18,8
7,18,9
8,0,62
8,0,63
8,0,64
8,0,65
8,0,66
8,0,67
8,0,68
8,0,69
8,0,70
8,1,59
8,1,60
8,1,61
8,1,62
8,1,63
8,1,64
8,1,65
8,1,66
8,1,67
8,1,68
8,2,57
8,2,58
8,2,59
8,2,60
8,2,61
8,2,62
8,2,63
8,2,64
8,2,65
8,2,66
8,3,55
8,3,56
8,3,57
8,3,58
8,3,59
8,3,60
8,3,61
8,3,62
8,3,63
8,3,64
8,4,53
8,4,54
8,4,55
8,4,56
8,4,57
8,4,58
8,4,59
8,4,60
8,4,61
8,4,62
8,4,63
8,5,50
8,5,51
8,5,52
8,5,53
8,5,54
8,5,55
8,5,56
8,5,57
8,5,58
8,5,59
8,5,60
8,5,61
8,6,48
8,6,49
8,6,50
8,6,51
8,6,52
8,6,53
8,6,54
8,6,55
8,6,56
8,6,57
8,6,58
8,6,59
8,7,45
8,7,46
8,7,47
8,7,48
8,7,49
8,7,50
8,7,51
8,7,52
8,7,53
8,7,54
8,7,55
8,7,56
8,8,42
8,8,43
8,8,44
8,8,45
8,8,46
8,8,47
8,8,48
8,8,49
8,8,50
8,8,51
8,8,52
8,8,53
8,8,54
8,9,39
8,9,40
8,9,41
8,9,42
8,9,43
8,9,44
8,9,45
8,9,46
8,9,47
8,9,48
8,9,49
8,9,50
8,9,51
8,9,52
8,10,35
8,10,36
8,10,37
8,10,38
8,10,39
8,10,40
8,10,41
8,10,42
8,10,43
8,10,44
8,10,45
8,10,46
8,10,47
8,10,48
8,10,49
8,11,31
8,11,32
8,11,33
8,11,34
8,11,35
8,11,36
8,11,37
8,11,38
8,11,39
8,11,40
8,11,41
8,11,42
8,11,43
8,11,44
8,11,45
8,11,46
8,11,47
8,12,26
8,12,27
8,12,28
8,12,29
8,12,30
8,12,31
8,12,32
8,12,33
8,12,34
8,12,35
8,12,36
8,12,37
8,12,38
8,12,39
8,12,40
8,12,41
8,12,42
8,12,43
8,12,44
8,13,20
8,13,21
8,13,22
8,13,23
8,13,24
8,13,25
8,13,26
8,13,27
8,13,28
8,13,29
8,13,30
8,13,31
8,13,32
8,13,33
8,13,34
8,13,35
8,13,36
8,13,37
8,13,38
8,13,39
8,13,40
8,14,10
8,14,11
8,14,12
8,14,13
8,14,14
8,14,15
8,14,16
8,14,17
8,14,18
8,14,19
8,14,20
8,14,21
8,14,22
8,14,23
8,14,24
8,14,25
8,14,26
8,14,27
8,14,28
8,14,29
8,14,30
8,14,31
8,14,32
8,14,33
8,14,34
8,14,35
8,14,36
8,15,0
8,15,1
8,15,2
8,15,3
8,15,4
8,15,5
8,15,6
8,15,7
8,15,8
8,15,9
8,15,10
8,15,11
8,15,12
8,15,13
8,15,14
8,15,15
8,15,16
8,15,17
8,15,18
8,15,19
8,15,20
8,15,21
8,15,22
8,15,23
8,15,24
8,15,25
8,15,26
8,15,27
8,15,28
8,15,29
8,15,30
8,15,31
8,15,32
8,16,0
8,16,1
8,16,2
8,16,3
8,16,4
8,16,5
8,16,6
8,16,7
8,16,8
8,16,9
8,16,10
8,16,11
8,16,12
8,16,13
8,16,14
8,16,15
8,16,16
8,16,17
8,16,18
8,16,19
8,16,20
8,16,21
8,16,22
8,16,23
8,16,24
8,16,25
8,16,26
8,17,0
8,17,1
8,17,2
8,17,3
8,17,4
8,17,5
8,17,6
8,17,7
8,17,8
8,17,9
8,17,10
8,17,11
8,17,12
8,17,13
8,17,14
8,17,15
8,17,16
8,17,17
8,17,18
8,18,0
8,18,1
8,18,2
8,18,3
8,18,4
8,18,5
8,18,6
9,0,62
9,0,63
9,0,64
9,0,65
9,0,66
9,0,67
9,0,68
9,0,69
9,1,59
9,1,60
9,1,61
9,1,62
9,1,63
9,1,64
9,1,65
9,1,66
9,1,67
9,1,68
9,2,57
9,2,58
9,2,59
9,2,60
9,2,61
9,2,62
9,2,63
9,2,64
9,2,65
9,2,66
9,3,54
9,3,55
9,3,56
9,3,57
9,3,58
9,3,59
9,3,60
9,3,61
9,3,62
9,3,63
9,3,64
9,4,52
9,4,53
9,4,54
9,4,55
9,4,56
9,4,57
9,4,58
9,4,59
9,4,60
9,4,61
9,4,62
9,5,49
9,5,50
9,5,51
9,5,52
9,5,53
9,5,54
9,5,55
9,5,56
9,5,57
9,5,58
9,5,59
9,5,60
9,6,47
9,6,48
9,6,49
9,6,50
9,6,51
9,6,52
9,6,53
9,6,54
9,6,55
9,6,56
9,6,57
9,6,58
9,7,44
9,7,45
9,7,46
9,7,47
9,7,48
9,7,49
9,7,50
9,7,51
9,7,52
9,7,53
9,7,54
9,7,55
9,7,56
9,8,41
9,8,42
9,8,43
9,8,44
9,8,45
9,8,46
9,8,47
9,8,48
9,8,49
9,8,50
9,8,51
9,8,52
9,8,53
9,8,54
9,9,38
9,9,39
9,9,40
9,9,41
9,9,42
9,9,43
9,9,44
9,9,45
9,9,46
9,9,47
9,9,48
9,9,49
9,9,50
9,9,51
9,10,34
9,10,35
9,10,36
9,10,37
9,10,38
9,10,39
9,10,40
9,10,41
9,10,42
9,10,43
9,10,44
9,10,45
9,10,46
9,10,47
9,10,48
9,10,49
9,11,30
9,11,31
9,11,32
9,11,33
9,11,34
9,11,35
9,11,36
9,11,37
9,11,38
9,11,39
9,11,40
9,11,41
9,11,42
9,11,43
9,11,44
9,11,45
9,11,46
9,12,25
9,12,26
9,12,27
9,12,28
9,12,29
9,12,30
9,12,31
9,12,32
9,12,33
9,12,34
9,12,35
9,12,36
9,12,37
9,12,38
9,12,39
9,12,40
9,12,41
9,12,42
9,12,43
9,13,18
9,13,19
9,13,20
9,13,21
9,13,22
9,13,23
9,13,24
9,13,25
9,13,26
9,13,27
9,13,28
9,13,29
9,13,30
9,13,31
9,13,32
9,13,33
9,13,34
9,13,35
9,13,36
9,13,37
9,13,38
9,13,39
9,14,7
9,14,8
9,14,9
9,14,10
9,14,11
9,14,12
9,14,13
9,14,14
9,14,15
9,14,16
9,14,17
9,14,18
9,14,19
9,14,20
9,14,21
9,14,22
9,14,23
9,14,24
9,14,25
9,14,26
9,14,27
9,14,28
9,14,29
9,14,30
9,14,31
9,14,32
9,14,33
9,14,34
9,14,35
9,15,0
9,15,1
9,15,2
9,15,3
9,15,4
9,15,5
9,15,6
9,15,7
9,15,8
9,15,9
9,15,10
9,15,11
9,15,12
9,15,13
9,15,14
9,15,15
9,15,16
9,15,17
9,15,18
9,15,19
9,15,20
9,15,21
9,15,22
9,15,23
9,15,24
9,15,25
9,15,26
9,15,27
9,15,28
9,15,29
9,15,30
9,16,0
9,16,1
9,16,2
9,16,3
9,16,4
9,16,5
9,16,6
9,16,7
9,16,8
9,16,9
9,16,10
9,16,11
9,16,12
9,16,13
9,16,14
9,16,15
9,16,16
9,16,17
9,16,18
9,16,19
9,16,20
9,16,21
9,16,22
9,16,23
9,16,24
9,17,0
9,17,1
9,17,2
9,17,3
9,17,4
9,17,5
9,17,6
9,17,7
9,17,8
9,17,9
9,17,10
9,17,11
9,17,12
9,17,13
9,17,14
9,17,15
9,17,16
9,18,0
9,18,1
9,18,2
9,18,3
10,0,61
10,0,62
10,0,63
10,0,64
10,0,65
10,0,66
10,0,67
10,0,68
10,0,69
10,1,58
10,1,59
10,1,60
10,1,61
10,1,62
10,1,63
10,1,64
10,1,65
10,1,66
10,1,67
10,2,56
10,2,57
10,2,58
10,2,59
10,2,60
10,2,61
10,2,62
10,2,63
10,2,64
10,2,65
10,3,54
10,3,55
10,3,56
10,3,57
10,3,58
10,3,59
10,3,60
10,3,61
10,3,62
10,3,63
10,4,51
10,4,52
10,4,53
10,4,54
10,4,55
10,4,56
10,4,57
10,4,58
10,4,59
10,4,60
10,4,61
10,5,49
10,5,50
10,5,51
10,5,52
10,5,53
10,5,54
10,5,55
10,5,56
10,5,57
10,5,58
10,5,59
10,6,46
10,6,47
10,6,48
10,6,49
10,6,50
10,6,51
10,6,52
10,6,53
10,6,54
10,6,55
10,6,56
10,6,57
10,7,43
10,7,44
10,7,45
10,7,46
10,7,47
10,7,48
10,7,49
10,7,50
10,7,51
10,7,52
10,7,53
10,7,54
10,7,55
10,8,40
10,8,41
10,8,42
10,8,43
10,8,44
10,8,45
10,8,46
10,8,47
10,8,48
10,8,49
10,8,50
10,8,51
10,8,52
10,8,53
10,9,37
10,9,38
10,9,39
10,9,40
10,9,41
10,9,42
10,9,43
10,9,44
10,9,45
10,9,46
10,9,47
10,9,48
10,9,49
10,9,50
10,10,33
10,10,34
10,10,35
10,10,36
10,10,37
10,10,38
10,10,39
10,10,40
10,10,41
10,10,42
10,10,43
10,10,44
10,10,45
10,10,46
10,10,47
10,10,48
10,11,28
10,11,29
10,11,30
10,11,31
10,11,32
10,11,33
10,11,34
10,11,35
10,11,36
10,11,37
10,11,38
10,11,39
10,11,40
10,11,41
10,11,42
10,11,43
10,11,44
10,11,45
10,12,23
10,12,24
10,12,25
10,12,26
10,12,27
10,12,28
10,12,29
10,12,30
10,12,31
10,12,32
10,12,33
10,12,34
10,12,35
10,12,36
10,12,37
10,12,38
10,12,39
10,12,40
10,12,41
10,12,42
10,13,16
10,13,17
10,13,18
10,13,19
10,13,20
10,13,21
10,13,22
10,13,23
10,13,24
10,13,25
10,13,26
10,13,27
10,13,28
10,13,29
10,13,30
10,13,31
10,13,32
10,13,33
10,13,34
10,13,35
10,13,36
10,13,37
10,13,38
10,14,5
10,14,6
10,14,7
10,14,8
10,14,9
10,14,10
10,14,11
10,14,12
10,14,13
10,14,14
10,14,15
10,14,16
10,14,17
10,14,18
10,14,19
10,14,20
10,14,21
10,14,22
10,14,23
10,14,24
10,14,25
10,14,26
10,14,27
10,14,28
10,14,29
10,14,30
10,14,31
10,14,32
10,14,33
10,14,34
10,15,0
10,15,1
10,15,2
10,15,3
10,15,4
10,15,5
10,15,6
10,15,7
10,15,8
10,15,9
10,15,10
10,15,11
10,15,12
10,15,13
10,15,14
10,15,15
10,15,16
10,15,17
10,15,18
10,15,19
10,15,20
10,15,21
10,15,22
10,15,23
10,15,24
10,15,25
10,15,26
10,15,27
10,15,28
10,15,29
10,16,0
10,16,1
10,16,2
10,16,3
10,16,4
10,16,5
10,16,6
10,16,7
10,16,8
10,16,9
10,16,10
10,16,11
10,16,12
10,16,13
10,16,14
10,16,15
10,16,16
10,16,17
10,16,18
10,16,19
10,16,20
10,16,21
10,16,22
10,16,23
10,17,0
10,17,1
10,17,2
10,17,3
10,17,4
10,17,5
10,17,6
10,17,7
10,17,8
10,17,9
10,17,10
10,17,11
10,17,12
10,17,13
10,17,14
10,18,0
11,0,61
11,0,62
11,0,63
11,0,64
11,0,65
11,0,66
11,0,67
11,0,68
11,1,57
11,1,58
11,1,59
11,1,60
11,1,61
11,1,62
11,1,63
11,1,64
11,1,65
11,1,66
11,1,67
11,2,55
11,2,56
11,2,57
11,2,58
11,2,59
11,2,60
11,2,61
11,2,62
11,2,63
11,2,64
11,2,65
11,3,53
11,3,54
11,3,55
11,3,56
11,3,57
11,3,58
11,3,59
11,3,60
11,3,61
11,3,62
11,3,63
11,4,50
11,4,51
11,4,52
11,4,53
11,4,54
11,4,55
11,4,56
11,4,57
11,4,58
11,4,59
11,4,60
11,4,61
11,5,48
11,5,49
11,5,50
11,5,51
11,5,52
11,5,53
11,5,54
11,5,55
11,5,56
11,5,57
11,5,58
11,5,59
11,6,45
11,6,46
11,6,47
11,6,48
11,6,49
11,6,50
11,6,51
11,6,52
11,6,53
11,6,54
11,6,55
11,6,56
11,6,57
11,7,42
11,7,43
11,7,44
11,7,45
11,7,46
11,7,47
11,7,48
11,7,49
11,7,50
11,7,51
11,7,52
11,7,53
11,7,54
11,8,39
11,8,40
11,8,41
11,8,42
11,8,43
11,8,44
11,8,45
11,8,46
11,8,47
11,8,48
11,8,49
11,8,50
11,8,51
11,8,52
11,9,35
11,9,36
11,9,37
11,9,38
11,9,39
11,9,40
11,9,41
11,9,42
11,9,43
11,9,44
11,9,45
11,9,46
11,9,47
11,9,48
11,9,49
11,9,50
11,10,32
11,10,33
11,10,34
11,10,35
11,10,36
11,10,37
11,10,38
11,10,39
11,10,40
11,10,41
11,10,42
11,10,43
11,10,44
11,10,45
11,10,46
11,10,47
11,11,27
11,11,28
11,11,29
11,11,30
11,11,31
11,11,32
11,11,33
11,11,34
11,11,35
11,11,36
11,11,37
11,11,38
11,11,39
11,11,40
11,11,41
11,11,42
11,11,43
11,11,44
11,12,21
11,12,22
11,12,23
11,12,24
11,12,25
11,12,26
11,12,27
11,12,28
11,12,29
11,12,30
11,12,31
11,12,32
11,12,33
11,12,34
11,12,35
11,12,36
11,12,37
11,12,38
11,12,39
11,12,40
11,12,41
11,13,13
11,13,14
11,13,15
11,13,16
11,13,17
11,13,18
11,13,19
11,13,20
11,13,21
11,13,22
11,13,23
11,13,24
11,13,25
11,13,26
11,13,27
11,13,28
11,13,29
11,13,30
11,13,31
11,13,32
11,13,33
11,13,34
11,13,35
11,13,36
11,13,37
11,14,2
11,14,3
11,14,4
11,14,5
11,14,6
11,14,7
11,14,8
11,14,9
11,14,10
11,14,11
11,14,12
11,14,13
11,14,14
11,14,15
11,14,16
11,14,17
11,14,18
11,14,19
11,14,20
11,14,21
11,14,22
11,14,23
11,14,24
11,14,25
11,14,26
11,14,27
11,14,28
11,14,29
11,14,30
11,14,31
11,14,32
11,14,33
11,15,0
11,15,1
11,15,2
11,15,3
11,15,4
11,15,5
11,15,6
11,15,7
11,15,8
11,15,9
11,15,10
11,15,11
11,15,12
11,15,13
11,15,14
11,15,15
11,15,16
11,15,17
11,15,18
11,15,19
11,15,20
11,15,21
11,15,22
11,15,23
11,15,24
11,15,25
11,15,26
11,15,27
11,15,28
11,16,0
11,16,1
11,16,2
11,16,3
11,16,4
11,16,5
11,16,6
11,16,7
11,16,8
11,16,9
11,16,10
11,16,11
11,16,12
11,16,13
11,16,14
11,16,15
11,16,16
11,16,17
11,16,18
11,16,19
11,16,20
11,16,21
11,17,0
11,17,1
11,17,2
11,17,3
11,17,4
11,17,5
11,17,6
11,17,7
11,17,8
11,17,9
11,17,10
11,17,11
12,0,60
12,0,61
12,0,62
12,0,63
12,0,64
12,0,65
12,0,66
12,0,67
12,0,68
12,1,57
12,1,58
12,1,59
12,1,60
12,1,61
12,1,62
12,1,63
12,1,64
12,1,65
12,1,66
12,2,54
12,2,55
12,2,56
12,2,57
12,2,58
12,2,59
12,2,60
12,2,61
12,2,62
12,2,63
12,2,64
12,3,52
12,3,53
12,3,54
12,3,55
12,3,56
12,3,57
12,3,58
12,3,59
12,3,60
12,3,61
12,3,62
12,4,50
12,4,51
12,4,52
12,4,53
12,4,54
12,4,55
12,4,56
12,4,57
12,4,58
12,4,59
12,4,60
12,5,47
12,5,48
12,5,49
12,5,50
12,5,51
12,5,52
12,5,53
12,5,54
12,5,55
12,5,56
12,5,57
12,5,58
12,6,44
12,6,45
12,6,46
12,6,47
12,6,48
12,6,49
12,6,50
12,6,51
12,6,52
12,6,53
12,6,54
12,6,55
12,6,56
12,7,41
12,7,42
12,7,43
12,7,44
12,7,45
12,7,46
12,7,47
12,7,48
12,7,49
12,7,50
12,7,51
12,7,52
12,7,53
12,7,54
12,8,38
12,8,39
12,8,40
12,8,41
12,8,42
12,8,43
12,8,44
12,8,45
12,8,46
12,8,47
12,8,48
12,8,49
12,8,50
12,8,51
12,9,34
12,9,35
12,9,36
12,9,37
12,9,38
12,9,39
12,9,40
12,9,41
12,9,42
12,9,43
12,9,44
12,9,45
12,9,46
12,9,47
12,9,48
12,9,49
12,10,30
12,10,31
12,10,32
12,10,33
12,10,34
12,10,35
12,10,36
12,10,37
12,10,38
12,10,39
12,10,40
12,10,41
12,10,42
12,10,43
12,10,44
12,10,45
12,10,46
12,11,25
12,11,26
12,11,27
12,11,28
12,11,29
12,11,30
12,11,31
12,11,32
12,11,33
12,11,34
12,11,35
12,11,36
12,11,37
12,11,38
12,11,39
12,11,40
12,11,41
12,11,42
12,11,43
12,12,19
12,12,20
12,12,21
12,12,22
12,12,23
12,12,24
12,12,25
12,12,26
12,12,27
12,12,28
12,12,29
12,12,30
12,12,31
12,12,32
12,12,33
12,12,34
12,12,35
12,12,36
12,12,37
12,12,38
12,12,39
12,12,40
12,13,10
12,13,11
12,13,12
12,13,13
12,13,14
12,13,15
12,13,16
12,13,17
12,13,18
12,13,19
12,13,20
12,13,21
12,13,22
12,13,23
12,13,24
12,13,25
12,13,26
12,13,27
12,13,28
12,13,29
12,13,30
12,13,31
12,13,32
12,13,33
12,13,34
12,13,35
12,13,36
12,14,0
12,14,1
12,14,2
12,14,3
12,14,4
12,14,5
12,14,6
12,14,7
12,14,8
12,14,9
12,14,10
12,14,11
12,14,12
12,14,13
12,14,14
12,14,15
12,14,16
12,14,17
12,14,18
12,14,19
12,14,20
12,14,21
12,14,22
12,14,23
12,14,24
12,14,25
12,14,26
12,14,27
12,14,28
12,14,29
12,14,30
12,14,31
12,14,32
12,15,0
12,15,1
12,15,2
12,15,3
12,15,4
12,15,5
12,15,6
12,15,7
12,15,8
12,15,9
12,15,10
12,15,11
12,15,12
12,15,13
12,15,14
12,15,15
12,15,16
12,15,17
12,15,18
12,15,19
12,15,20
12,15,21
12,15,22
12,15,23
12,15,24
12,15,25
12,15,26
12,16,0
12,16,1
12,16,2
12,16,3
12,16,4
12,16,5
12,16,6
12,16,7
12,16,8
12,16,9
12,16,10
12,16,11
12,16,12
12,16,13
12,16,14
12,16,15
12,16,16
12,16,17
12,16,18
12,16,19
12,17,0
12,17,1
12,17,2
12,17,3
12,17,4
12,17,5
12,17,6
12,17,7
12,17,8
6,0,64
6,0,65
6,0,66
6,0,67
6,0,68
6,0,69
6,0,70
6,0,71
6,1,61
6,1,62
6,1,63
6,1,64
6,1,65
6,1,66
6,1,67
6,1,68
6,1,69
6,2,58
6,2,59
6,2,60
6,2,61
6,2,62
6,2,63
6,2,64
6,2,65
6,2,66
6,2,67
6,3,56
6,3,57
6,3,58
6,3,59
6,3,60
6,3,61
6,3,62
6,3,63
6,3,64
6,3,65
6,3,66
6,4,54
6,4,55
6,4,56
6,4,57
6,4,58
6,4,59
6,4,60
6,4,61
6,4,62
6,4,63
6,4,64
6,5,52
6,5,53
6,5,54
6,5,55
6,5,56
6,5,57
6,5,58
6,5,59
6,5,60
6,5,61
6,5,62
6,6,49
6,6,50
6,6,51
6,6,52
6,6,53
6,6,54
6,6,55
6,6,56
6,6,57
6,6,58
6,6,59
6,6,60
6,7,46
6,7,47
6,7,48
6,7,49
6,7,50
6,7,51
6,7,52
6,7,53
6,7,54
6,7,55
6,7,56
6,7,57
6,7,58
6,8,44
6,8,45
6,8,46
6,8,47
6,8,48
6,8,49
6,8,50
6,8,51
6,8,52
6,8,53
6,8,54
6,8,55
6,8,56
6,9,41
6,9,42
6,9,43
6,9,44
6,9,45
6,9,46
6,9,47
6,9,48
6,9,49
6,9,50
6,9,51
6,9,52
6,9,53
6,10,37
6,10,38
6,10,39
6,10,40
6,10,41
6,10,42
6,10,43
6,10,44
6,10,45
6,10,46
6,10,47
6,10,48
6,10,49
6,10,50
6,10,51
6,11,33
6,11,34
6,11,35
6,11,36
6,11,37
6,11,38
6,11,39
6,11,40
6,11,41
6,11,42
6,11,43
6,11,44
6,11,45
6,11,46
6,11,47
6,11,48
6,12,29
6,12,30
6,12,31
6,12,32
6,12,33
6,12,34
6,12,35
6,12,36
6,12,37
6,12,38
6,12,39
6,12,40
6,12,41
6,12,42
6,12,43
6,12,44
6,12,45
6,13,23
6,13,24
6,13,25
6,13,26
6,13,27
6,13,28
6,13,29
6,13,30
6,13,31
6,13,32
6,13,33
6,13,34
6,13,35
6,13,36
6,13,37
6,13,38
6,13,39
6,13,40
6,13,41
6,13,42
6,14,16
6,14,17
6,14,18
6,14,19
6,14,20
6,14,21
6,14,22
6,14,23
6,14,24
6,14,25
6,14,26
6,14,27
6,14,28
6,14,29
6,14,30
6,14,31
6,14,32
6,14,33
6,14,34
6,14,35
6,14,36
6,14,37
6,14,38
6,15,4
6,15,5
6,15,6
6,15,7
6,15,8
6,15,9
6,15,10
6,15,11
6,15,12
6,15,13
6,15,14
6,15,15
6,15,16
6,15,17
6,15,18
6,15,19
6,15,20
6,15,21
6,15,22
6,15,23
6,15,24
6,15,25
6,15,26
6,15,27
6,15,28
6,15,29
6,15,30
6,15,31
6,15,32
6,15,33
6,15,34
6,16,0
6,16,1
6,16,2
6,16,3
6,16,4
6,16,5
6,16,6
6,16,7
6,16,8
6,16,9
6,16,10
6,16,11
6,16,12
6,16,13
6,16,14
6,16,15
6,16,16
6,16,17
6,16,18
6,16,19
6,16,20
6,16,21
6,16,22
6,16,23
6,16,24
6,16,25
6,16,26
6,16,27
6,16,28
6,16,29
6,17,0
6,17,1
6,17,2
6,17,3
6,17,4
6,17,5
6,17,6
6,17,7
6,17,8
6,17,9
6,17,10
6,17,11
6,17,12
6,17,13
6,17,14
6,17,15
6,17,16
6,17,17
6,17,18
6,17,19
6,17,20
6,17,21
6,17,22
6,18,0
6,18,1
6,18,2
6,18,3
6,18,4
6,18,5
6,18,6
6,18,7
6,18,8
6,18,9
6,18,10
6,18,11
6,18,12
13,0,59
13,0,60
13,0,61
13,0,62
13,0,63
13,0,64
13,0,65
13,0,66
13,0,67
13,1,56
13,1,57
13,1,58
13,1,59
13,1,60
13,1,61
13,1,62
13,1,63
13,1,64
13,1,65
13,2,54
13,2,55
13,2,56
13,2,57
13,2,58
13,2,59
13,2,60
13,2,61
13,2,62
13,2,63
13,3,51
13,3,52
13,3,53
13,3,54
13,3,55
13,3,56
13,3,57
13,3,58
13,3,59
13,3,60
13,3,61
13,4,49
13,4,50
13,4,51
13,4,52
13,4,53
13,4,54
13,4,55
13,4,56
13,4,57
13,4,58
13,4,59
13,5,46
13,5,47
13,5,48
13,5,49
13,5,50
13,5,51
13,5,52
13,5,53
13,5,54
13,5,55
13,5,56
13,5,57
13,6,43
13,6,44
13,6,45
13,6,46
13,6,47
13,6,48
13,6,49
13,6,50
13,6,51
13,6,52
13,6,53
13,6,54
13,6,55
13,7,40
13,7,41
13,7,42
13,7,43
13,7,44
13,7,45
13,7,46
13,7,47
13,7,48
13,7,49
13,7,50
13,7,51
13,7,52
13,7,53
13,8,37
13,8,38
13,8,39
13,8,40
13,8,41
13,8,42
13,8,43
13,8,44
13,8,45
13,8,46
13,8,47
13,8,48
13,8,49
13,8,50
13,9,33
13,9,34
13,9,35
13,9,36
13,9,37
13,9,38
13,9,39
13,9,40
13,9,41
13,9,42
13,9,43
13,9,44
13,9,45
13,9,46
13,9,47
13,9,48
13,10,29
13,10,30
13,10,31
13,10,32
13,10,33
13,10,34
13,10,35
13,10,36
13,10,37
13,10,38
13,10,39
13,10,40
13,10,41
13,10,42
13,10,43
13,10,44
13,10,45
13,11,24
13,11,25
13,11,26
13,11,27
13,11,28
13,11,29
13,11,30
13,11,31
13,11,32
13,11,33
13,11,34
13,11,35
13,11,36
13,11,37
13,11,38
13,11,39
13,11,40
13,11,41
13,11,42
13,12,17
13,12,18
13,12,19
13,12,20
13,12,21
13,12,22
13,12,23
13,12,24
13,12,25
13,12,26
13,12,27
13,12,28
13,12,29
13,12,30
13,12,31
13,12,32
13,12,33
13,12,34
13,12,35
13,12,36
13,12,37
13,12,38
13,12,39
13,13,7
13,13,8
13,13,9
13,13,10
13,13,11
13,13,12
13,13,13
13,13,14
13,13,15
13,13,16
13,13,17
13,13,18
13,13,19
13,13,20
13,13,21
13,13,22
13,13,23
13,13,24
13,13,25
13,13,26
13,13,27
13,13,28
13,13,29
13,13,30
13,13,31
13,13,32
13,13,33
13,13,34
13,13,35
13,14,0
13,14,1
13,14,2
13,14,3
13,14,4
13,14,5
13,14,6
13,14,7
13,14,8
13,14,9
13,14,10
13,14,11
13,14,12
13,14,13
13,14,14
13,14,15
13,14,16
13,14,17
13,14,18
13,14,19
13,14,20
13,14,21
13,14,22
13,14,23
13,14,24
13,14,25
13,14,26
13,14,27
13,14,28
13,14,29
13,14,30
13,15,0
13,15,1
13,15,2
13,15,3
13,15,4
13,15,5
13,15,6
13,15,7
13,15,8
13,15,9
13,15,10
13,15,11
13,15,12
13,15,13
13,15,14
13,15,15
13,15,16
13,15,17
13,15,18
13,15,19
13,15,20
13,15,21
13,15,22
13,15,23
13,15,24
13,15,25
13,16,0
13,16,1
13,16,2
13,16,3
13,16,4
13,16,5
13,16,6
13,16,7
13,16,8
13,16,9
13,16,10
13,16,11
13,16,12
13,16,13
13,16,14
13,16,15
13,16,16
13,16,17
13,17,0
13,17,1
13,17,2
13,17,3
13,17,4
13,17,5
14,0,58
14,0,59
14,0,60
14,0,61
14,0,62
14,0,63
14,0,64
14,0,65
14,0,66
14,1,55
14,1,56
14,1,57
14,1,58
14,1,59
14,1,60
14,1,61
14,1,62
14,1,63
14,1,64
14,1,65
14,2,53
14,2,54
14,2,55
14,2,56
14,2,57
14,2,58
14,2,59
14,2,60
14,2,61
14,2,62
14,2,63
14,3,50
14,3,51
14,3,52
14,3,53
14,3,54
14,3,55
14,3,56
14,3,57
14,3,58
14,3,59
14,3,60
14,3,61
14,4,48
14,4,49
14,4,50
14,4,51
14,4,52
14,4,53
14,4,54
14,4,55
14,4,56
14,4,57
14,4,58
14,4,59
14,5,45
14,5,46
14,5,47
14,5,48
14,5,49
14,5,50
14,5,51
14,5,52
14,5,53
14,5,54
14,5,55
14,5,56
14,5,57
14,6,42
14,6,43
14,6,44
14,6,45
14,6,46
14,6,47
14,6,48
14,6,49
14,6,50
14,6,51
14,6,52
14,6,53
14,6,54
14,7,39
14,7,40
14,7,41
14,7,42
14,7,43
14,7,44
14,7,45
14,7,46
14,7,47
14,7,48
14,7,49
14,7,50
14,7,51
14,7,52
14,8,35
14,8,36
14,8,37
14,8,38
14,8,39
14,8,40
14,8,41
14,8,42
14,8,43
14,8,44
14,8,45
14,8,46
14,8,47
14,8,48
14,8,49
14,8,50
14,9,31
14,9,32
14,9,33
14,9,34
14,9,35
14,9,36
14,9,37
14,9,38
14,9,39
14,9,40
14,9,41
14,9,42
14,9,43
14,9,44
14,9,45
14,9,46
14,9,47
14,10,27
14,10,28
14,10,29
14,10,30
14,10,31
14,10,32
14,10,33
14,10,34
14,10,35
14,10,36
14,10,37
14,10,38
14,10,39
14,10,40
14,10,41
14,10,42
14,10,43
14,10,44
14,11,22
14,11,23
14,11,24
14,11,25
14,11,26
14,11,27
14,11,28
14,11,29
14,11,30
14,11,31
14,11,32
14,11,33
14,11,34
14,11,35
14,11,36
14,11,37
14,11,38
14,11,39
14,11,40
14,11,41
14,12,14
14,12,15
14,12,16
14,12,17
14,12,18
14,12,19
14,12,20
14,12,21
14,12,22
14,12,23
14,12,24
14,12,25
14,12,26
14,12,27
14,12,28
14,12,29
14,12,30
14,12,31
14,12,32
14,12,33
14,12,34
14,12,35
14,12,36
14,12,37
14,12,38
14,13,3
14,13,4
14,13,5
14,13,6
14,13,7
14,13,8
14,13,9
14,13,10
14,13,11
14,13,12
14,13,13
14,13,14
14,13,15
14,13,16
14,13,17
14,13,18
14,13,19
14,13,20
14,13,21
14,13,22
14,13,23
14,13,24
14,13,25
14,13,26
14,13,27
14,13,28
14,13,29
14,13,30
14,13,31
14,13,32
14,13,33
14,13,34
14,14,0
14,14,1
14,14,2
14,14,3
14,14,4
14,14,5
14,14,6
14,14,7
14,14,8
14,14,9
14,14,10
14,14,11
14,14,12
14,14,13
14,14,14
14,14,15
14,14,16
14,14,17
14,14,18
14,14,19
14,14,20
14,14,21
14,14,22
14,14,23
14,14,24
14,14,25
14,14,26
14,14,27
14,14,28
14,14,29
14,15,0
14,15,1
14,15,2
14,15,3
14,15,4
14,15,5
14,15,6
14,15,7
14,15,8
14,15,9
14,15,10
14,15,11
14,15,12
14,15,13
14,15,14
14,15,15
14,15,16
14,15,17
14,15,18
14,15,19
14,15,20
14,15,21
14,15,22
14,15,23
14,16,0
14,16,1
14,16,2
14,16,3
14,16,4
14,16,5
14,16,6
14,16,7
14,16,8
14,16,9
14,16,10
14,16,11
14,16,12
14,16,13
14,16,14
14,17,0
14,17,1
15,0,58
15,0,59
15,0,60
15,0,61
15,0,62
15,0,63
15,0,64
15,0,65
15,0,66
15,1,54
15,1,55
15,1,56
15,1,57
15,1,58
15,1,59
15,1,60
15,1,61
15,1,62
15,1,63
15,1,64
15,2,52
15,2,53
15,2,54
15,2,55
15,2,56
15,2,57
15,2,58
15,2,59
15,2,60
15,2,61
15,2,62
15,3,49
15,3,50
15,3,51
15,3,52
15,3,53
15,3,54
15,3,55
15,3,56
15,3,57
15,3,58
15,3,59
15,3,60
15,4,47
15,4,48
15,4,49
15,4,50
15,4,51
15,4,52
15,4,53
15,4,54
15,4,55
15,4,56
15,4,57
15,4,58
15,5,44
15,5,45
15,5,46
15,5,47
15,5,48
15,5,49
15,5,50
15,5,51
15,5,52
15,5,53
15,5,54
15,5,55
15,5,56
15,6,41
15,6,42
15,6,43
15,6,44
15,6,45
15,6,46
15,6,47
15,6,48
15,6,49
15,6,50
15,6,51
15,6,52
15,6,53
15,6,54
15,7,38
15,7,39
15,7,40
15,7,41
15,7,42
15,7,43
15,7,44
15,7,45
15,7,46
15,7,47
15,7,48
15,7,49
15,7,50
15,7,51
15,8,34
15,8,35
15,8,36
15,8,37
15,8,38
15,8,39
15,8,40
15,8,41
15,8,42
15,8,43
15,8,44
15,8,45
15,8,46
15,8,47
15,8,48
15,8,49
15,9,30
15,9,31
15,9,32
15,9,33
15,9,34
15,9,35
15,9,36
15,9,37
15,9,38
15,9,39
15,9,40
15,9,41
15,9,42
15,9,43
15,9,44
15,9,45
15,9,46
15,10,25
15,10,26
15,10,27
15,10,28
15,10,29
15,10,30
15,10,31
15,10,32
15,10,33
15,10,34
15,10,35
15,10,36
15,10,37
15,10,38
15,10,39
15,10,40
15,10,41
15,10,42
15,10,43
15,11,19
15,11,20
15,11,21
15,11,22
15,11,23
15,11,24
15,11,25
15,11,26
15,11,27
15,11,28
15,11,29
15,11,30
15,11,31
15,11,32
15,11,33
15,11,34
15,11,35
15,11,36
15,11,37
15,11,38
15,11,39
15,11,40
15,12,11
15,12,12
15,12,13
15,12,14
15,12,15
15,12,16
15,12,17
15,12,18
15,12,19
15,12,20
15,12,21
15,12,22
15,12,23
15,12,24
15,12,25
15,12,26
15,12,27
15,12,28
15,12,29
15,12,30
15,12,31
15,12,32
15,12,33
15,12,34
15,12,35
15,12,36
15,12,37
15,13,0
15,13,1
15,13,2
15,13,3
15,13,4
15,13,5
15,13,6
15,13,7
15,13,8
15,13,9
15,13,10
15,13,11
15,13,12
15,13,13
15,13,14
15,13,15
15,13,16
15,13,17
15,13,18
15,13,19
15,13,20
15,13,21
15,13,22
15,13,23
15,13,24
15,13,25
15,13,26
15,13,27
15,13,28
15,13,29
15,13,30
15,13,31
15,13,32
15,14,0
15,14,1
15,14,2
15,14,3
15,14,4
15,14,5
15,14,6
15,14,7
15,14,8
15,14,9
15,14,10
15,14,11
15,14,12
15,14,13
15,14,14
15,14,15
15,14,16
15,14,17
15,14,18
15,14,19
15,14,20
15,14,21
15,14,22
15,14,23
15,14,24
15,14,25
15,14,26
15,14,27
15,15,0
15,15,1
15,15,2
15,15,3
15,15,4
15,15,5
15,15,6
15,15,7
15,15,8
15,15,9
15,15,10
15,15,11
15,15,12
15,15,13
15,15,14
15,15,15
15,15,16
15,15,17
15,15,18
15,15,19
15,15,20
15,15,21
15,16,0
15,16,1
15,16,2
15,16,3
15,16,4
15,16,5
15,16,6
15,16,7
15,16,8
15,16,9
15,16,10
15,16,11
16,0,57
16,0,58
16,0,59
16,0,60
16,0,61
16,0,62
16,0,63
16,0,64
16,0,65
16,1,53
16,1,54
16,1,55
16,1,56
16,1,57
16,1,58
16,1,59
16,1,60
16,1,61
16,1,62
16,1,63
16,2,51
16,2,52
16,2,53
16,2,54
16,2,55
16,2,56
16,2,57
16,2,58
16,2,59
16,2,60
16,2,61
16,3,48
16,3,49
16,3,50
16,3,51
16,3,52
16,3,53
16,3,54
16,3,55
16,3,56
16,3,57
16,3,58
16,3,59
16,4,46
16,4,47
16,4,48
16,4,49
16,4,50
16,4,51
16,4,52
16,4,53
16,4,54
16,4,55
16,4,56
16,4,57
16,5,43
16,5,44
16,5,45
16,5,46
16,5,47
16,5,48
16,5,49
16,5,50
16,5,51
16,5,52
16,5,53
16,5,54
16,5,55
16,6,40
16,6,41
16,6,42
16,6,43
16,6,44
16,6,45
16,6,46
16,6,47
16,6,48
16,6,49
16,6,50
16,6,51
16,6,52
16,6,53
16,7,36
16,7,37
16,7,38
16,7,39
16,7,40
16,7,41
16,7,42
16,7,43
16,7,44
16,7,45
16,7,46
16,7,47
16,7,48
16,7,49
16,7,50
16,8,32
16,8,33
16,8,34
16,8,35
16,8,36
16,8,37
16,8,38
16,8,39
16,8,40
16,8,41
16,8,42
16,8,43
16,8,44
16,8,45
16,8,46
16,8,47
16,8,48
16,9,28
16,9,29
16,9,30
16,9,31
16,9,32
16,9,33
16,9,34
16,9,35
16,9,36
16,9,37
16,9,38
16,9,39
16,9,40
16,9,41
16,9,42
16,9,43
16,9,44
16,9,45
16,10,23
16,10,24
16,10,25
16,10,26
16,10,27
16,10,28
16,10,29
16,10,30
16,10,31
16,10,32
16,10,33
16,10,34
16,10,35
16,10,36
16,10,37
16,10,38
16,10,39
16,10,40
16,10,41
16,10,42
16,11,17
16,11,18
16,11,19
16,11,20
16,11,21
16,11,22
16,11,23
16,11,24
16,11,25
16,11,26
16,11,27
16,11,28
16,11,29
16,11,30
16,11,31
16,11,32
16,11,33
16,11,34
16,11,35
16,11,36
16,11,37
16,11,38
16,11,39
16,12,7
16,12,8
16,12,9
16,12,10
16,12,11
16,12,12
16,12,13
16,12,14
16,12,15
16,12,16
16,12,17
16,12,18
16,12,19
16,12,20
16,12,21
16,12,22
16,12,23
16,12,24
16,12,25
16,12,26
16,12,27
16,12,28
16,12,29
16,12,30
16,12,31
16,12,32
16,12,33
16,12,34
16,12,35
16,13,0
16,13,1
16,13,2
16,13,3
16,13,4
16,13,5
16,13,6
16,13,7
16,13,8
16,13,9
16,13,10
16,13,11
16,13,12
16,13,13
16,13,14
16,13,15
16,13,16
16,13,17
16,13,18
16,13,19
16,13,20
16,13,21
16,13,22
16,13,23
16,13,24
16,13,25
16,13,26
16,13,27
16,13,28
16,13,29
16,13,30
16,13,31
16,14,0
16,14,1
16,14,2
16,14,3
16,14,4
16,14,5
16,14,6
16,14,7
16,14,8
16,14,9
16,14,10
16,14,11
16,14,12
16,14,13
16,14,14
16,14,15
16,14,16
16,14,17
16,14,18
16,14,19
16,14,20
16,14,21
16,14,22
16,14,23
16,14,24
16,14,25
16,15,0
16,15,1
16,15,2
16,15,3
16,15,4
16,15,5
16,15,6
16,15,7
16,15,8
16,15,9
16,15,10
16,15,11
16,15,12
16,15,13
16,15,14
16,15,15
16,15,16
16,15,17
16,15,18
16,16,0
16,16,1
16,16,2
16,16,3
16,16,4
16,16,5
16,16,6
16,16,7
17,0,56
17,0,57
17,0,58
17,0,59
17,0,60
17,0,61
17,0,62
17,0,63
17,0,64
17,1,52
17,1,53
17,1,54
17,1,55
17,1,56
17,1,57
17,1,58
17,1,59
17,1,60
17,1,61
17,1,62
17,2,50
17,2,51
17,2,52
17,2,53
17,2,54
17,2,55
17,2,56
17,2,57
17,2,58
17,2,59
17,2,60
17,3,47
17,3,48
17,3,49
17,3,50
17,3,51
17,3,52
17,3,53
17,3,54
17,3,55
17,3,56
17,3,57
17,3,58
17,4,44
17,4,45
17,4,46
17,4,47
17,4,48
17,4,49
17,4,50
17,4,51
17,4,52
17,4,53
17,4,54
17,4,55
17,4,56
17,5,41
17,5,42
17,5,43
17,5,44
17,5,45
17,5,46
17,5,47
17,5,48
17,5,49
17,5,50
17,5,51
17,5,52
17,5,53
17,5,54
17,6,38
17,6,39
17,6,40
17,6,41
17,6,42
17,6,43
17,6,44
17,6,45
17,6,46
17,6,47
17,6,48
17,6,49
17,6,50
17,6,51
17,6,52
17,7,35
17,7,36
17,7,37
17,7,38
17,7,39
17,7,40
17,7,41
17,7,42
17,7,43
17,7,44
17,7,45
17,7,46
17,7,47
17,7,48
17,7,49
17,8,31
17,8,32
17,8,33
17,8,34
17,8,35
17,8,36
17,8,37
17,8,38
17,8,39
17,8,40
17,8,41
17,8,42
17,8,43
17,8,44
17,8,45
17,8,46
17,8,47
17,9,26
17,9,27
17,9,28
17,9,29
17,9,30
17,9,31
17,9,32
17,9,33
17,9,34
17,9,35
17,9,36
17,9,37
17,9,38
17,9,39
17,9,40
17,9,41
17,9,42
17,9,43
17,9,44
17,10,21
17,10,22
17,10,23
17,10,24
17,10,25
17,10,26
17,10,27
17,10,28
17,10,29
17,10,30
17,10,31
17,10,32
17,10,33
17,10,34
17,10,35
17,10,36
17,10,37
17,10,38
17,10,39
17,10,40
17,10,41
17,11,13
17,11,14
17,11,15
17,11,16
17,11,17
17,11,18
17,11,19
17,11,20
17,11,21
17,11,22
17,11,23
17,11,24
17,11,25
17,11,26
17,11,27
17,11,28
17,11,29
17,11,30
17,11,31
17,11,32
17,11,33
17,11,34
17,11,35
17,11,36
17,11,37
17,12,3
17,12,4
17,12,5
17,12,6
17,12,7
17,12,8
17,12,9
17,12,10
17,12,11
17,12,12
17,12,13
17,12,14
17,12,15
17,12,16
17,12,17
17,12,18
17,12,19
17,12,20
17,12,21
17,12,22
17,12,23
17,12,24
17,12,25
17,12,26
17,12,27
17,12,28
17,12,29
17,12,30
17,12,31
17,12,32
17,12,33
17,12,34
17,13,0
17,13,1
17,13,2
17,13,3
17,13,4
17,13,5
17,13,6
17,13,7
17,13,8
17,13,9
17,13,10
17,13,11
17,13,12
17,13,13
17,13,14
17,13,15
17,13,16
17,13,17
17,13,18
17,13,19
17,13,20
17,13,21
17,13,22
17,13,23
17,13,24
17,13,25
17,13,26
17,13,27
17,13,28
17,13,29
17,14,0
17,14,1
17,14,2
17,14,3
17,14,4
17,14,5
17,14,6
17,14,7
17,14,8
17,14,9
17,14,10
17,14,11
17,14,12
17,14,13
17,14,14
17,14,15
17,14,16
17,14,17
17,14,18
17,14,19
17,14,20
17,14,21
17,14,22
17,14,23
17,15,0
17,15,1
17,15,2
17,15,3
17,15,4
17,15,5
17,15,6
17,15,7
17,15,8
17,15,9
17,15,10
17,15,11
17,15,12
17,15,13
17,15,14
17,15,15
17,16,0
17,16,1
17,16,2
17,16,3
18,0,55
18,0,56
18,0,57
18,0,58
18,0,59
18,0,60
18,0,61
18,0,62
18,0,63
18,1,51
18,1,52
18,1,53
18,1,54
18,1,55
18,1,56
18,1,57
18,1,58
18,1,59
18,1,60
18,1,61
18,1,62
18,2,49
18,2,50
18,2,51
18,2,52
18,2,53
18,2,54
18,2,55
18,2,56
18,2,57
18,2,58
18,2,59
18,3,46
18,3,47
18,3,48
18,3,49
18,3,50
18,3,51
18,3,52
18,3,53
18,3,54
18,3,55
18,3,56
18,3,57
18,4,43
18,4,44
18,4,45
18,4,46
18,4,47
18,4,48
18,4,49
18,4,50
18,4,51
18,4,52
18,4,53
18,4,54
18,4,55
18,5,40
18,5,41
18,5,42
18,5,43
18,5,44
18,5,45
18,5,46
18,5,47
18,5,48
18,5,49
18,5,50
18,5,51
18,5,52
18,5,53
18,6,37
18,6,38
18,6,39
18,6,40
18,6,41
18,6,42
18,6,43
18,6,44
18,6,45
18,6,46
18,6,47
18,6,48
18,6,49
18,6,50
18,6,51
18,7,33
18,7,34
18,7,35
18,7,36
18,7,37
18,7,38
18,7,39
18,7,40
18,7,41
18,7,42
18,7,43
18,7,44
18,7,45
18,7,46
18,7,47
18,7,48
18,8,29
18,8,30
18,8,31
18,8,32
18,8,33
18,8,34
18,8,35
18,8,36
18,8,37
18,8,38
18,8,39
18,8,40
18,8,41
18,8,42
18,8,43
18,8,44
18,8,45
18,9,24
18,9,25
18,9,26
18,9,27
18,9,28
18,9,29
18,9,30
18,9,31
18,9,32
18,9,33
18,9,34
18,9,35
18,9,36
18,9,37
18,9,38
18,9,39
18,9,40
18,9,41
18,9,42
18,10,18
18,10,19
18,10,20
18,10,21
18,10,22
18,10,23
18,10,24
18,10,25
18,10,26
18,10,27
18,10,28
18,10,29
18,10,30
18,10,31
18,10,32
18,10,33
18,10,34
18,10,35
18,10,36
18,10,37
18,10,38
18,10,39
18,11,9
18,11,10
18,11,11
18,11,12
18,11,13
18,11,14
18,11,15
18,11,16
18,11,17
18,11,18
18,11,19
18,11,20
18,11,21
18,11,22
18,11,23
18,11,24
18,11,25
18,11,26
18,11,27
18,11,28
18,11,29
18,11,30
18,11,31
18,11,32
18,11,33
18,11,34
18,11,35
18,11,36
18,12,0
18,12,1
18,12,2
18,12,3
18,12,4
18,12,5
18,12,6
18,12,7
18,12,8
18,12,9
18,12,10
18,12,11
18,12,12
18,12,13
18,12,14
18,12,15
18,12,16
18,12,17
18,12,18
18,12,19
18,12,20
18,12,21
18,12,22
18,12,23
18,12,24
18,12,25
18,12,26
18,12,27
18,12,28
18,12,29
18,12,30
18,12,31
18,12,32
18,13,0
18,13,1
18,13,2
18,13,3
18,13,4
18,13,5
18,13,6
18,13,7
18,13,8
18,13,9
18,13,10
18,13,11
18,13,12
18,13,13
18,13,14
18,13,15
18,13,16
18,13,17
18,13,18
18,13,19
18,13,20
18,13,21
18,13,22
18,13,23
18,13,24
18,13,25
18,13,26
18,13,27
18,14,0
18,14,1
18,14,2
18,14,3
18,14,4
18,14,5
18,14,6
18,14,7
18,14,8
18,14,9
18,14,10
18,14,11
18,14,12
18,14,13
18,14,14
18,14,15
18,14,16
18,14,17
18,14,18
18,14,19
18,14,20
18,14,21
18,15,0
18,15,1
18,15,2
18,15,3
18,15,4
18,15,5
18,15,6
18,15,7
18,15,8
18,15,9
18,15,10
18,15,11
18,15,12
19,0,54
19,0,55
19,0,56
19,0,57
19,0,58
19,0,59
19,0,60
19,0,61
19,0,62
19,0,63
19,1,50
19,1,51
19,1,52
19,1,53
19,1,54
19,1,55
19,1,56
19,1,57
19,1,58
19,1,59
19,1,60
19,1,61
19,2,48
19,2,49
19,2,50
19,2,51
19,2,52
19,2,53
19,2,54
19,2,55
19,2,56
19,2,57
19,2,58
19,2,59
19,3,45
19,3,46
19,3,47
19,3,48
19,3,49
19,3,50
19,3,51
19,3,52
19,3,53
19,3,54
19,3,55
19,3,56
19,4,42
19,4,43
19,4,44
19,4,45
19,4,46
19,4,47
19,4,48
19,4,49
19,4,50
19,4,51
19,4,52
19,4,53
19,4,54
19,5,39
19,5,40
19,5,41
19,5,42
19,5,43
19,5,44
19,5,45
19,5,46
19,5,47
19,5,48
19,5,49
19,5,50
19,5,51
19,5,52
19,6,35
19,6,36
19,6,37
19,6,38
19,6,39
19,6,40
19,6,41
19,6,42
19,6,43
19,6,44
19,6,45
19,6,46
19,6,47
19,6,48
19,6,49
19,7,31
19,7,32
19,7,33
19,7,34
19,7,35
19,7,36
19,7,37
19,7,38
19,7,39
19,7,40
19,7,41
19,7,42
19,7,43
19,7,44
19,7,45
19,7,46
19,7,47
19,8,27
19,8,28
19,8,29
19,8,30
19,8,31
19,8,32
19,8,33
19,8,34
19,8,35
19,8,36
19,8,37
19,8,38
19,8,39
19,8,40
19,8,41
19,8,42
19,8,43
19,8,44
19,9,21
19,9,22
19,9,23
19,9,24
19,9,25
19,9,26
19,9,27
19,9,28
19,9,29
19,9,30
19,9,31
19,9,32
19,9,33
19,9,34
19,9,35
19,9,36
19,9,37
19,9,38
19,9,39
19,9,40
19,9,41
19,10,15
19,10,16
19,10,17
19,10,18
19,10,19
19,10,20
19,10,21
19,10,22
19,10,23
19,10,24
19,10,25
19,10,26
19,10,27
19,10,28
19,10,29
19,10,30
19,10,31
19,10,32
19,10,33
19,10,34
19,10,35
19,10,36
19,10,37
19,10,38
19,11,5
19,11,6
19,11,7
19,11,8
19,11,9
19,11,10
19,11,11
19,11,12
19,11,13
19,11,14
19,11,15
19,11,16
19,11,17
19,11,18
19,11,19
19,11,20
19,11,21
19,11,22
19,11,23
19,11,24
19,11,25
19,11,26
19,11,27
19,11,28
19,11,29
19,11,30
19,11,31
19,11,32
19,11,33
19,11,34
19,12,0
19,12,1
19,12,2
19,12,3
19,12,4
19,12,5
19,12,6
19,12,7
19,12,8
19,12,9
19,12,10
19,12,11
19,12,12
19,12,13
19,12,14
19,12,15
19,12,16
19,12,17
19,12,18
19,12,19
19,12,20
19,12,21
19,12,22
19,12,23
19,12,24
19,12,25
19,12,26
19,12,27
19,12,28
19,12,29
19,12,30
19,13,0
19,13,1
19,13,2
19,13,3
19,13,4
19,13,5
19,13,6
19,13,7
19,13,8
19,13,9
19,13,10
19,13,11
19,13,12
19,13,13
19,13,14
19,13,15
19,13,16
19,13,17
19,13,18
19,13,19
19,13,20
19,13,21
19,13,22
19,13,23
19,13,24
19,13,25
19,14,0
19,14,1
19,14,2
19,14,3
19,14,4
19,14,5
19,14,6
19,14,7
19,14,8
19,14,9
19,14,10
19,14,11
19,14,12
19,14,13
19,14,14
19,14,15
19,14,16
19,14,17
19,14,18
19,15,0
19,15,1
19,15,2
19,15,3
19,15,4
19,15,5
19,15,6
19,15,7
19,15,8
20,0,52
20,0,53
20,0,54
20,0,55
20,0,56
20,0,57
20,0,58
20,0,59
20,0,60
20,0,61
20,0,62
20,1,49
20,1,50
20,1,51
20,1,52
20,1,53
20,1,54
20,1,55
20,1,56
20,1,57
20,1,58
20,1,59
20,1,60
20,2,46
20,2,47
20,2,48
20,2,49
20,2,50
20,2,51
20,2,52
20,2,53
20,2,54
20,2,55
20,2,56
20,2,57
20,2,58
20,3,43
20,3,44
20,3,45
20,3,46
20,3,47
20,3,48
20,3,49
20,3,50
20,3,51
20,3,52
20,3,53
20,3,54
20,3,55
20,4,40
20,4,41
20,4,42
20,4,43
20,4,44
20,4,45
20,4,46
20,4,47
20,4,48
20,4,49
20,4,50
20,4,51
20,4,52
20,4,53
20,5,37
20,5,38
20,5,39
20,5,40
20,5,41
20,5,42
20,5,43
20,5,44
20,5,45
20,5,46
20,5,47
20,5,48
20,5,49
20,5,50
20,5,51
20,6,33
20,6,34
20,6,35
20,6,36
20,6,37
20,6,38
20,6,39
20,6,40
20,6,41
20,6,42
20,6,43
20,6,44
20,6,45
20,6,46
20,6,47
20,6,48
20,7,29
20,7,30
20,7,31
20,7,32
20,7,33
20,7,34
20,7,35
20,7,36
20,7,37
20,7,38
20,7,39
20,7,40
20,7,41
20,7,42
20,7,43
20,7,44
20,7,45
20,7,46
20,8,24
20,8,25
20,8,26
20,8,27
20,8,28
20,8,29
20,8,30
20,8,31
20,8,32
20,8,33
20,8,34
20,8,35
20,8,36
20,8,37
20,8,38
20,8,39
20,8,40
20,8,41
20,8,42
20,8,43
20,9,18
20,9,19
20,9,20
20,9,21
20,9,22
20,9,23
20,9,24
20,9,25
20,9,26
20,9,27
20,9,28
20,9,29
20,9,30
20,9,31
20,9,32
20,9,33
20,9,34
20,9,35
20,9,36
20,9,37
20,9,38
20,9,39
20,9,40
20,10,10
20,10,11
20,10,12
20,10,13
20,10,14
20,10,15
20,10,16
20,10,17
20,10,18
20,10,19
20,10,20
20,10,21
20,10,22
20,10,23
20,10,24
20,10,25
20,10,26
20,10,27
20,10,28
20,10,29
20,10,30
20,10,31
20,10,32
20,10,33
20,10,34
20,10,35
20,10,36
20,11,0
20,11,1
20,11,2
20,11,3
20,11,4
20,11,5
20,11,6
20,11,7
20,11,8
20,11,9
20,11,10
20,11,11
20,11,12
20,11,13
20,11,14
20,11,15
20,11,16
20,11,17
20,11,18
20,11,19
20,11,20
20,11,21
20,11,22
20,11,23
20,11,24
20,11,25
20,11,26
20,11,27
20,11,28
20,11,29
20,11,30
20,11,31
20,11,32
20,11,33
20,12,0
20,12,1
20,12,2
20,12,3
20,12,4
20,12,5
20,12,6
20,12,7
20,12,8
20,12,9
20,12,10
20,12,11
20,12,12
20,12,13
20,12,14
20,12,15
20,12,16
20,12,17
20,12,18
20,12,19
20,12,20
20,12,21
20,12,22
20,12,23
20,12,24
20,12,25
20,12,26
20,12,27
20,12,28
20,13,0
20,13,1
20,13,2
20,13,3
20,13,4
20,13,5
20,13,6
20,13,7
20,13,8
20,13,9
20,13,10
20,13,11
20,13,12
20,13,13
20,13,14
20,13,15
20,13,16
20,13,17
20,13,18
20,13,19
20,13,20
20,13,21
20,13,22
20,14,0
20,14,1
20,14,2
20,14,3
20,14,4
20,14,5
20,14,6
20,14,7
20,14,8
20,14,9
20,14,10
20,14,11
20,14,12
20,14,13
20,14,14
20,14,15
20,15,0
20,15,1
20,15,2
20,15,3
21,0,51
21,0,52
21,0,53
21,0,54
21,0,55
21,0,56
21,0,57
21,0,58
21,0,59
21,0,60
21,0,61
21,1,48
21,1,49
21,1,50
21,1,51
21,1,52
21,1,53
21,1,54
21,1,55
21,1,56
21,1,57
21,1,58
21,1,59
21,2,45
21,2,46
21,2,47
21,2,48
21,2,49
21,2,50
21,2,51
21,2,52
21,2,53
21,2,54
21,2,55
21,2,56
21,3,42
21,3,43
21,3,44
21,3,45
21,3,46
21,3,47
21,3,48
21,3,49
21,3,50
21,3,51
21,3,52
21,3,53
21,3,54
21,4,39
21,4,40
21,4,41
21,4,42
21,4,43
21,4,44
21,4,45
21,4,46
21,4,47
21,4,48
21,4,49
21,4,50
21,4,51
21,4,52
21,5,35
21,5,36
21,5,37
21,5,38
21,5,39
21,5,40
21,5,41
21,5,42
21,5,43
21,5,44
21,5,45
21,5,46
21,5,47
21,5,48
21,5,49
21,6,31
21,6,32
21,6,33
21,6,34
21,6,35
21,6,36
21,6,37
21,6,38
21,6,39
21,6,40
21,6,41
21,6,42
21,6,43
21,6,44
21,6,45
21,6,46
21,6,47
21,7,27
21,7,28
21,7,29
21,7,30
21,7,31
21,7,32
21,7,33
21,7,34
21,7,35
21,7,36
21,7,37
21,7,38
21,7,39
21,7,40
21,7,41
21,7,42
21,7,43
21,7,44
21,8,22
21,8,23
21,8,24
21,8,25
21,8,26
21,8,27
21,8,28
21,8,29
21,8,30
21,8,31
21,8,32
21,8,33
21,8,34
21,8,35
21,8,36
21,8,37
21,8,38
21,8,39
21,8,40
21,8,41
21,9,15
21,9,16
21,9,17
21,9,18
21,9,19
21,9,20
21,9,21
21,9,22
21,9,23
21,9,24
21,9,25
21,9,26
21,9,27
21,9,28
21,9,29
21,9,30
21,9,31
21,9,32
21,9,33
21,9,34
21,9,35
21,9,36
21,9,37
21,9,38
21,10,6
21,10,7
21,10,8
21,10,9
21,10,10
21,10,11
21,10,12
21,10,13
21,10,14
21,10,15
21,10,16
21,10,17
21,10,18
21,10,19
21,10,20
21,10,21
21,10,22
21,10,23
21,10,24
21,10,25
21,10,26
21,10,27
21,10,28
21,10,29
21,10,30
21,10,31
21,10,32
21,10,33
21,10,34
21,10,35
21,11,0
21,11,1
21,11,2
21,11,3
21,11,4
21,11,5
21,11,6
21,11,7
21,11,8
21,11,9
21,11,10
21,11,11
21,11,12
21,11,13
21,11,14
21,11,15
21,11,16
21,11,17
21,11,18
21,11,19
21,11,20
21,11,21
21,11,22
21,11,23
21,11,24
21,11,25
21,11,26
21,11,27
21,11,28
21,11,29
21,11,30
21,11,31
21,12,0
21,12,1
21,12,2
21,12,3
21,12,4
21,12,5
21,12,6
21,12,7
21,12,8
21,12,9
21,12,10
21,12,11
21,12,12
21,12,13
21,12,14
21,12,15
21,12,16
21,12,17
21,12,18
21,12,19
21,12,20
21,12,21
21,12,22
21,12,23
21,12,24
21,12,25
21,12,26
21,13,0
21,13,1
21,13,2
21,13,3
21,13,4
21,13,5
21,13,6
21,13,7
21,13,8
21,13,9
21,13,10
21,13,11
21,13,12
21,13,13
21,13,14
21,13,15
21,13,16
21,13,17
21,13,18
21,13,19
21,13,20
21,14,0
21,14,1
21,14,2
21,14,3
21,14,4
21,14,5
21,14,6
21,14,7
21,14,8
21,14,9
21,14,10
21,14,11
22,0,50
22,0,51
22,0,52
22,0,53
22,0,54
22,0,55
22,0,56
22,0,57
22,0,58
22,0,59
22,0,60
22,1,46
22,1,47
22,1,48
22,1,49
22,1,50
22,1,51
22,1,52
22,1,53
22,1,54
22,1,55
22,1,56
22,1,57
22,1,58
22,2,43
22,2,44
22,2,45
22,2,46
22,2,47
22,2,48
22,2,49
22,2,50
22,2,51
22,2,52
22,2,53
22,2,54
22,2,55
22,3,40
22,3,41
22,3,42
22,3,43
22,3,44
22,3,45
22,3,46
22,3,47
22,3,48
22,3,49
22,3,50
22,3,51
22,3,52
22,3,53
22,4,37
22,4,38
22,4,39
22,4,40
22,4,41
22,4,42
22,4,43
22,4,44
22,4,45
22,4,46
22,4,47
22,4,48
22,4,49
22,4,50
22,4,51
22,5,33
22,5,34
22,5,35
22,5,36
22,5,37
22,5,38
22,5,39
22,5,40
22,5,41
22,5,42
22,5,43
22,5,44
22,5,45
22,5,46
22,5,47
22,5,48
22,6,29
22,6,30
22,6,31
22,6,32
22,6,33
22,6,34
22,6,35
22,6,36
22,6,37
22,6,38
22,6,39
22,6,40
22,6,41
22,6,42
22,6,43
22,6,44
22,6,45
22,6,46
22,7,24
22,7,25
22,7,26
22,7,27
22,7,28
22,7,29
22,7,30
22,7,31
22,7,32
22,7,33
22,7,34
22,7,35
22,7,36
22,7,37
22,7,38
22,7,39
22,7,40
22,7,41
22,7,42
22,7,43
22,8,18
22,8,19
22,8,20
22,8,21
22,8,22
22,8,23
22,8,24
22,8,25
22,8,26
22,8,27
22,8,28
22,8,29
22,8,30
22,8,31
22,8,32
22,8,33
22,8,34
22,8,35
22,8,36
22,8,37
22,8,38
22,8,39
22,8,40
22,9,10
22,9,11
22,9,12
22,9,13
22,9,14
22,9,15
22,9,16
22,9,17
22,9,18
22,9,19
22,9,20
22,9,21
22,9,22
22,9,23
22,9,24
22,9,25
22,9,26
22,9,27
22,9,28
22,9,29
22,9,30
22,9,31
22,9,32
22,9,33
22,9,34
22,9,35
22,9,36
22,10,0
22,10,1
22,10,2
22,10,3
22,10,4
22,10,5
22,10,6
22,10,7
22,10,8
22,10,9
22,10,10
22,10,11
22,10,12
22,10,13
22,10,14
22,10,15
22,10,16
22,10,17
22,10,18
22,10,19
22,10,20
22,10,21
22,10,22
22,10,23
22,10,24
22,10,25
22,10,26
22,10,27
22,10,28
22,10,29
22,10,30
22,10,31
22,10,32
22,10,33
22,11,0
22,11,1
22,11,2
22,11,3
22,11,4
22,11,5
22,11,6
22,11,7
22,11,8
22,11,9
22,11,10
22,11,11
22,11,12
22,11,13
22,11,14
22,11,15
22,11,16
22,11,17
22,11,18
22,11,19
22,11,20
22,11,21
22,11,22
22,11,23
22,11,24
22,11,25
22,11,26
22,11,27
22,11,28
22,12,0
22,12,1
22,12,2
22,12,3
22,12,4
22,12,5
22,12,6
22,12,7
22,12,8
22,12,9
22,12,10
22,12,11
22,12,12
22,12,13
22,12,14
22,12,15
22,12,16
22,12,17
22,12,18
22,12,19
22,12,20
22,12,21
22,12,22
22,12,23
22,13,0
22,13,1
22,13,2
22,13,3
22,13,4
22,13,5
22,13,6
22,13,7
22,13,8
22,13,9
22,13,10
22,13,11
22,13,12
22,13,13
22,13,14
22,13,15
22,13,16
22,14,0
22,14,1
22,14,2
22,14,3
22,14,4
22,14,5
22,14,6
23,0,49
23,0,50
23,0,51
23,0,52
23,0,53
23,0,54
23,0,55
23,0,56
23,0,57
23,0,58
23,0,59
23,1,45
23,1,46
23,1,47
23,1,48
23,1,49
23,1,50
23,1,51
23,1,52
23,1,53
23,1,54
23,1,55
23,1,56
23,2,42
23,2,43
23,2,44
23,2,45
23,2,46
23,2,47
23,2,48
23,2,49
23,2,50
23,2,51
23,2,52
23,2,53
23,2,54
23,3,39
23,3,40
23,3,41
23,3,42
23,3,43
23,3,44
23,3,45
23,3,46
23,3,47
23,3,48
23,3,49
23,3,50
23,3,51
23,3,52
23,4,35
23,4,36
23,4,37
23,4,38
23,4,39
23,4,40
23,4,41
23,4,42
23,4,43
23,4,44
23,4,45
23,4,46
23,4,47
23,4,48
23,4,49
23,5,31
23,5,32
23,5,33
23,5,34
23,5,35
23,5,36
23,5,37
23,5,38
23,5,39
23,5,40
23,5,41
23,5,42
23,5,43
23,5,44
23,5,45
23,5,46
23,5,47
23,6,27
23,6,28
23,6,29
23,6,30
23,6,31
23,6,32
23,6,33
23,6,34
23,6,35
23,6,36
23,6,37
23,6,38
23,6,39
23,6,40
23,6,41
23,6,42
23,6,43
23,6,44
23,7,21
23,7,22
23,7,23
23,7,24
23,7,25
23,7,26
23,7,27
23,7,28
23,7,29
23,7,30
23,7,31
23,7,32
23,7,33
23,7,34
23,7,35
23,7,36
23,7,37
23,7,38
23,7,39
23,7,40
23,7,41
23,8,14
23,8,15
23,8,16
23,8,17
23,8,18
23,8,19
23,8,20
23,8,21
23,8,22
23,8,23
23,8,24
23,8,25
23,8,26
23,8,27
23,8,28
23,8,29
23,8,30
23,8,31
23,8,32
23,8,33
23,8,34
23,8,35
23,8,36
23,8,37
23,8,38
23,9,5
23,9,6
23,9,7
23,9,8
23,9,9
23,9,10
23,9,11
23,9,12
23,9,13
23,9,14
23,9,15
23,9,16
23,9,17
23,9,18
23,9,19
23,9,20
23,9,21
23,9,22
23,9,23
23,9,24
23,9,25
23,9,26
23,9,27
23,9,28
23,9,29
23,9,30
23,9,31
23,9,32
23,9,33
23,9,34
23,10,0
23,10,1
23,10,2
23,10,3
23,10,4
23,10,5
23,10,6
23,10,7
23,10,8
23,10,9
23,10,10
23,10,11
23,10,12
23,10,13
23,10,14
23,10,15
23,10,16
23,10,17
23,10,18
23,10,19
23,10,20
23,10,21
23,10,22
23,10,23
23,10,24
23,10,25
23,10,26
23,10,27
23,10,28
23,10,29
23,10,30
23,10,31
23,11,0
23,11,1
23,11,2
23,11,3
23,11,4
23,11,5
23,11,6
23,11,7
23,11,8
23,11,9
23,11,10
23,11,11
23,11,12
23,11,13
23,11,14
23,11,15
23,11,16
23,11,17
23,11,18
23,11,19
23,11,20
23,11,21
23,11,22
23,11,23
23,11,24
23,11,25
23,11,26
23,12,0
23,12,1
23,12,2
23,12,3
23,12,4
23,12,5
23,12,6
23,12,7
23,12,8
23,12,9
23,12,10
23,12,11
23,12,12
23,12,13
23,12,14
23,12,15
23,12,16
23,12,17
23,12,18
23,12,19
23,12,20
23,13,0
23,13,1
23,13,2
23,13,3
23,13,4
23,13,5
23,13,6
23,13,7
23,13,8
23,13,9
23,13,10
23,13,11
23,13,12
23,14,0
24,0,47
24,0,48
24,0,49
24,0,50
24,0,51
24,0,52
24,0,53
24,0,54
24,0,55
24,0,56
24,0,57
24,1,43
24,1,44
24,1,45
24,1,46
24,1,47
24,1,48
24,1,49
24,1,50
24,1,51
24,1,52
24,1,53
24,1,54
24,1,55
24,2,40
24,2,41
24,2,42
24,2,43
24,2,44
24,2,45
24,2,46
24,2,47
24,2,48
24,2,49
24,2,50
24,2,51
24,2,52
24,2,53
24,3,37
24,3,38
24,3,39
24,3,40
24,3,41
24,3,42
24,3,43
24,3,44
24,3,45
24,3,46
24,3,47
24,3,48
24,3,49
24,3,50
24,4,33
24,4,34
24,4,35
24,4,36
24,4,37
24,4,38
24,4,39
24,4,40
24,4,41
24,4,42
24,4,43
24,4,44
24,4,45
24,4,46
24,4,47
24,4,48
24,5,29
24,5,30
24,5,31
24,5,32
24,5,33
24,5,34
24,5,35
24,5,36
24,5,37
24,5,38
24,5,39
24,5,40
24,5,41
24,5,42
24,5,43
24,5,44
24,5,45
24,6,24
24,6,25
24,6,26
24,6,27
24,6,28
24,6,29
24,6,30
24,6,31
24,6,32
24,6,33
24,6,34
24,6,35
24,6,36
24,6,37
24,6,38
24,6,39
24,6,40
24,6,41
24,6,42
24,7,18
24,7,19
24,7,20
24,7,21
24,7,22
24,7,23
24,7,24
24,7,25
24,7,26
24,7,27
24,7,28
24,7,29
24,7,30
24,7,31
24,7,32
24,7,33
24,7,34
24,7,35
24,7,36
24,7,37
24,7,38
24,7,39
24,8,9
24,8,10
24,8,11
24,8,12
24,8,13
24,8,14
24,8,15
24,8,16
24,8,17
24,8,18
24,8,19
24,8,20
24,8,21
24,8,22
24,8,23
24,8,24
24,8,25
24,8,26
24,8,27
24,8,28
24,8,29
24,8,30
24,8,31
24,8,32
24,8,33
24,8,34
24,8,35
24,8,36
24,9,0
24,9,1
24,9,2
24,9,3
24,9,4
24,9,5
24,9,6
24,9,7
24,9,8
24,9,9
24,9,10
24,9,11
24,9,12
24,9,13
24,9,14
24,9,15
24,9,16
24,9,17
24,9,18
24,9,19
24,9,20
24,9,21
24,9,22
24,9,23
24,9,24
24,9,25
24,9,26
24,9,27
24,9,28
24,9,29
24,9,30
24,9,31
24,9,32
24,10,0
24,10,1
24,10,2
24,10,3
24,10,4
24,10,5
24,10,6
24,10,7
24,10,8
24,10,9
24,10,10
24,10,11
24,10,12
24,10,13
24,10,14
24,10,15
24,10,16
24,10,17
24,10,18
24,10,19
24,10,20
24,10,21
24,10,22
24,10,23
24,10,24
24,10,25
24,10,26
24,10,27
24,10,28
24,11,0
24,11,1
24,11,2
24,11,3
24,11,4
24,11,5
24,11,6
24,11,7
24,11,8
24,11,9
24,11,10
24,11,11
24,11,12
24,11,13
24,11,14
24,11,15
24,11,16
24,11,17
24,11,18
24,11,19
24,11,20
24,11,21
24,11,22
24,11,23
24,12,0
24,12,1
24,12,2
24,12,3
24,12,4
24,12,5
24,12,6
24,12,7
24,12,8
24,12,9
24,12,10
24,12,11
24,12,12
24,12,13
24,12,14
24,12,15
24,12,16
24,12,17
24,13,0
24,13,1
24,13,2
24,13,3
24,13,4
24,13,5
24,13,6
24,13,7
25,0,45
25,0,46
25,0,47
25,0,48
25,0,49
25,0,50
25,0,51
25,0,52
25,0,53
25,0,54
25,0,55
25,0,56
25,1,41
25,1,42
25,1,43
25,1,44
25,1,45
25,1,46
25,1,47
25,1,48
25,1,49
25,1,50
25,1,51
25,1,52
25,1,53
25,1,54
25,2,38
25,2,39
25,2,40
25,2,41
25,2,42
25,2,43
25,2,44
25,2,45
25,2,46
25,2,47
25,2,48
25,2,49
25,2,50
25,2,51
25,2,52
25,3,35
25,3,36
25,3,37
25,3,38
25,3,39
25,3,40
25,3,41
25,3,42
25,3,43
25,3,44
25,3,45
25,3,46
25,3,47
25,3,48
25,3,49
25,4,31
25,4,32
25,4,33
25,4,34
25,4,35
25,4,36
25,4,37
25,4,38
25,4,39
25,4,40
25,4,41
25,4,42
25,4,43
25,4,44
25,4,45
25,4,46
25,5,26
25,5,27
25,5,28
25,5,29
25,5,30
25,5,31
25,5,32
25,5,33
25,5,34
25,5,35
25,5,36
25,5,37
25,5,38
25,5,39
25,5,40
25,5,41
25,5,42
25,5,43
25,5,44
25,6,21
25,6,22
25,6,23
25,6,24
25,6,25
25,6,26
25,6,27
25,6,28
25,6,29
25,6,30
25,6,31
25,6,32
25,6,33
25,6,34
25,6,35
25,6,36
25,6,37
25,6,38
25,6,39
25,6,40
25,6,41
25,7,13
25,7,14
25,7,15
25,7,16
25,7,17
25,7,18
25,7,19
25,7,20
25,7,21
25,7,22
25,7,23
25,7,24
25,7,25
25,7,26
25,7,27
25,7,28
25,7,29
25,7,30
25,7,31
25,7,32
25,7,33
25,7,34
25,7,35
25,7,36
25,7,37
25,8,4
25,8,5
25,8,6
25,8,7
25,8,8
25,8,9
25,8,10
25,8,11
25,8,12
25,8,13
25,8,14
25,8,15
25,8,16
25,8,17
25,8,18
25,8,19
25,8,20
25,8,21
25,8,22
25,8,23
25,8,24
25,8,25
25,8,26
25,8,27
25,8,28
25,8,29
25,8,30
25,8,31
25,8,32
25,8,33
25,8,34
25,9,0
25,9,1
25,9,2
25,9,3
25,9,4
25,9,5
25,9,6
25,9,7
25,9,8
25,9,9
25,9,10
25,9,11
25,9,12
25,9,13
25,9,14
25,9,15
25,9,16
25,9,17
25,9,18
25,9,19
25,9,20
25,9,21
25,9,22
25,9,23
25,9,24
25,9,25
25,9,26
25,9,27
25,9,28
25,9,29
25,9,30
25,10,0
25,10,1
25,10,2
25,10,3
25,10,4
25,10,5
25,10,6
25,10,7
25,10,8
25,10,9
25,10,10
25,10,11
25,10,12
25,10,13
25,10,14
25,10,15
25,10,16
25,10,17
25,10,18
25,10,19
25,10,20
25,10,21
25,10,22
25,10,23
25,10,24
25,10,25
25,11,0
25,11,1
25,11,2
25,11,3
25,11,4
25,11,5
25,11,6
25,11,7
25,11,8
25,11,9
25,11,10
25,11,11
25,11,12
25,11,13
25,11,14
25,11,15
25,11,16
25,11,17
25,11,18
25,11,19
25,11,20
25,12,0
25,12,1
25,12,2
25,12,3
25,12,4
25,12,5
25,12,6
25,12,7
25,12,8
25,12,9
25,12,10
25,12,11
25,12,12
25,13,0
25,13,1
26,0,44
26,0,45
26,0,46
26,0,47
26,0,48
26,0,49
26,0,50
26,0,51
26,0,52
26,0,53
26,0,54
26,0,55
26,1,39
26,1,40
26,1,41
26,1,42
26,1,43
26,1,44
26,1,45
26,1,46
26,1,47
26,1,48
26,1,49
26,1,50
26,1,51
26,1,52
26,2,36
26,2,37
26,2,38
26,2,39
26,2,40
26,2,41
26,2,42
26,2,43
26,2,44
26,2,45
26,2,46
26,2,47
26,2,48
26,2,49
26,2,50
26,3,32
26,3,33
26,3,34
26,3,35
26,3,36
26,3,37
26,3,38
26,3,39
26,3,40
26,3,41
26,3,42
26,3,43
26,3,44
26,3,45
26,3,46
26,3,47
26,3,48
26,4,28
26,4,29
26,4,30
26,4,31
26,4,32
26,4,33
26,4,34
26,4,35
26,4,36
26,4,37
26,4,38
26,4,39
26,4,40
26,4,41
26,4,42
26,4,43
26,4,44
26,4,45
26,5,23
26,5,24
26,5,25
26,5,26
26,5,27
26,5,28
26,5,29
26,5,30
26,5,31
26,5,32
26,5,33
26,5,34
26,5,35
26,5,36
26,5,37
26,5,38
26,5,39
26,5,40
26,5,41
26,5,42
26,6,17
26,6,18
26,6,19
26,6,20
26,6,21
26,6,22
26,6,23
26,6,24
26,6,25
26,6,26
26,6,27
26,6,28
26,6,29
26,6,30
26,6,31
26,6,32
26,6,33
26,6,34
26,6,35
26,6,36
26,6,37
26,6,38
26,6,39
26,7,8
26,7,9
26,7,10
26,7,11
26,7,12
26,7,13
26,7,14
26,7,15
26,7,16
26,7,17
26,7,18
26,7,19
26,7,20
26,7,21
26,7,22
26,7,23
26,7,24
26,7,25
26,7,26
26,7,27
26,7,28
26,7,29
26,7,30
26,7,31
26,7,32
26,7,33
26,7,34
26,7,35
26,8,0
26,8,1
26,8,2
26,8,3
26,8,4
26,8,5
26,8,6
26,8,7
26,8,8
26,8,9
26,8,10
26,8,11
26,8,12
26,8,13
26,8,14
26,8,15
26,8,16
26,8,17
26,8,18
26,8,19
26,8,20
26,8,21
26,8,22
26,8,23
26,8,24
26,8,25
26,8,26
26,8,27
26,8,28
26,8,29
26,8,30
26,8,31
26,8,32
26,9,0
26,9,1
26,9,2
26,9,3
26,9,4
26,9,5
26,9,6
26,9,7
26,9,8
26,9,9
26,9,10
26,9,11
26,9,12
26,9,13
26,9,14
26,9,15
26,9,16
26,9,17
26,9,18
26,9,19
26,9,20
26,9,21
26,9,22
26,9,23
26,9,24
26,9,25
26,9,26
26,9,27
26,10,0
26,10,1
26,10,2
26,10,3
26,10,4
26,10,5
26,10,6
26,10,7
26,10,8
26,10,9
26,10,10
26,10,11
26,10,12
26,10,13
26,10,14
26,10,15
26,10,16
26,10,17
26,10,18
26,10,19
26,10,20
26,10,21
26,10,22
26,11,0
26,11,1
26,11,2
26,11,3
26,11,4
26,11,5
26,11,6
26,11,7
26,11,8
26,11,9
26,11,10
26,11,11
26,11,12
26,11,13
26,11,14
26,11,15
26,11,16
26,12,0
26,12,1
26,12,2
26,12,3
26,12,4
26,12,5
26,12,6
26,12,7
27,0,42
27,0,43
27,0,44
27,0,45
27,0,46
27,0,47
27,0,48
27,0,49
27,0,50
27,0,51
27,0,52
27,0,53
27,1,37
27,1,38
27,1,39
27,1,40
27,1,41
27,1,42
27,1,43
27,1,44
27,1,45
27,1,46
27,1,47
27,1,48
27,1,49
27,1,50
27,1,51
27,2,34
27,2,35
27,2,36
27,2,37
27,2,38
27,2,39
27,2,40
27,2,41
27,2,42
27,2,43
27,2,44
27,2,45
27,2,46
27,2,47
27,2,48
27,3,30
27,3,31
27,3,32
27,3,33
27,3,34
27,3,35
27,3,36
27,3,37
27,3,38
27,3,39
27,3,40
27,3,41
27,3,42
27,3,43
27,3,44
27,3,45
27,3,46
27,4,25
27,4,26
27,4,27
27,4,28
27,4,29
27,4,30
27,4,31
27,4,32
27,4,33
27,4,34
27,4,35
27,4,36
27,4,37
27,4,38
27,4,39
27,4,40
27,4,41
27,4,42
27,4,43
27,5,19
27,5,20
27,5,21
27,5,22
27,5,23
27,5,24
27,5,25
27,5,26
27,5,27
27,5,28
27,5,29
27,5,30
27,5,31
27,5,32
27,5,33
27,5,34
27,5,35
27,5,36
27,5,37
27,5,38
27,5,39
27,5,40
27,6,12
27,6,13
27,6,14
27,6,15
27,6,16
27,6,17
27,6,18
27,6,19
27,6,20
27,6,21
27,6,22
27,6,23
27,6,24
27,6,25
27,6,26
27,6,27
27,6,28
27,6,29
27,6,30
27,6,31
27,6,32
27,6,33
27,6,34
27,6,35
27,6,36
27,6,37
27,7,2
27,7,3
27,7,4
27,7,5
27,7,6
27,7,7
27,7,8
27,7,9
27,7,10
27,7,11
27,7,12
27,7,13
27,7,14
27,7,15
27,7,16
27,7,17
27,7,18
27,7,19
27,7,20
27,7,21
27,7,22
27,7,23
27,7,24
27,7,25
27,7,26
27,7,27
27,7,28
27,7,29
27,7,30
27,7,31
27,7,32
27,7,33
27,8,0
27,8,1
27,8,2
27,8,3
27,8,4
27,8,5
27,8,6
27,8,7
27,8,8
27,8,9
27,8,10
27,8,11
27,8,12
27,8,13
27,8,14
27,8,15
27,8,16
27,8,17
27,8,18
27,8,19
27,8,20
27,8,21
27,8,22
27,8,23
27,8,24
27,8,25
27,8,26
27,8,27
27,8,28
27,8,29
27,9,0
27,9,1
27,9,2
27,9,3
27,9,4
27,9,5
27,9,6
27,9,7
27,9,8
27,9,9
27,9,10
27,9,11
27,9,12
27,9,13
27,9,14
27,9,15
27,9,16
27,9,17
27,9,18
27,9,19
27,9,20
27,9,21
27,9,22
27,9,23
27,9,24
27,10,0
27,10,1
27,10,2
27,10,3
27,10,4
27,10,5
27,10,6
27,10,7
27,10,8
27,10,9
27,10,10
27,10,11
27,10,12
27,10,13
27,10,14
27,10,15
27,10,16
27,10,17
27,10,18
27,10,19
27,11,0
27,11,1
27,11,2
27,11,3
27,11,4
27,11,5
27,11,6
27,11,7
27,11,8
27,11,9
27,11,10
27,11,11
27,12,0
27,12,1
28,0,40
28,0,41
28,0,42
28,0,43
28,0,44
28,0,45
28,0,46
28,0,47
28,0,48
28,0,49
28,0,50
28,0,51
28,0,52
28,1,35
28,1,36
28,1,37
28,1,38
28,1,39
28,1,40
28,1,41
28,1,42
28,1,43
28,1,44
28,1,45
28,1,46
28,1,47
28,1,48
28,1,49
28,2,31
28,2,32
28,2,33
28,2,34
28,2,35
28,2,36
28,2,37
28,2,38
28,2,39
28,2,40
28,2,41
28,2,42
28,2,43
28,2,44
28,2,45
28,2,46
28,2,47
28,3,27
28,3,28
28,3,29
28,3,30
28,3,31
28,3,32
28,3,33
28,3,34
28,3,35
28,3,36
28,3,37
28,3,38
28,3,39
28,3,40
28,3,41
28,3,42
28,3,43
28,3,44
28,4,21
28,4,22
28,4,23
28,4,24
28,4,25
28,4,26
28,4,27
28,4,28
28,4,29
28,4,30
28,4,31
28,4,32
28,4,33
28,4,34
28,4,35
28,4,36
28,4,37
28,4,38
28,4,39
28,4,40
28,4,41
28,5,15
28,5,16
28,5,17
28,5,18
28,5,19
28,5,20
28,5,21
28,5,22
28,5,23
28,5,24
28,5,25
28,5,26
28,5,27
28,5,28
28,5,29
28,5,30
28,5,31
28,5,32
28,5,33
28,5,34
28,5,35
28,5,36
28,5,37
28,5,38
28,6,5
28,6,6
28,6,7
28,6,8
28,6,9
28,6,10
28,6,11
28,6,12
28,6,13
28,6,14
28,6,15
28,6,16
28,6,17
28,6,18
28,6,19
28,6,20
28,6,21
28,6,22
28,6,23
28,6,24
28,6,25
28,6,26
28,6,27
28,6,28
28,6,29
28,6,30
28,6,31
28,6,32
28,6,33
28,6,34
28,7,0
28,7,1
28,7,2
28,7,3
28,7,4
28,7,5
28,7,6
28,7,7
28,7,8
28,7,9
28,7,10
28,7,11
28,7,12
28,7,13
28,7,14
28,7,15
28,7,16
28,7,17
28,7,18
28,7,19
28,7,20
28,7,21
28,7,22
28,7,23
28,7,24
28,7,25
28,7,26
28,7,27
28,7,28
28,7,29
28,7,30
28,7,31
28,8,0
28,8,1
28,8,2
28,8,3
28,8,4
28,8,5
28,8,6
28,8,7
28,8,8
28,8,9
28,8,10
28,8,11
28,8,12
28,8,13
28,8,14
28,8,15
28,8,16
28,8,17
28,8,18
28,8,19
28,8,20
28,8,21
28,8,22
28,8,23
28,8,24
28,8,25
28,8,26
28,9,0
28,9,1
28,9,2
28,9,3
28,9,4
28,9,5
28,9,6
28,9,7
28,9,8
28,9,9
28,9,10
28,9,11
28,9,12
28,9,13
28,9,14
28,9,15
28,9,16
28,9,17
28,9,18
28,9,19
28,9,20
28,9,21
28,10,0
28,10,1
28,10,2
28,10,3
28,10,4
28,10,5
28,10,6
28,10,7
28,10,8
28,10,9
28,10,10
28,10,11
28,10,12
28,10,13
28,10,14
28,11,0
28,11,1
28,11,2
28,11,3
28,11,4
28,11,5
29,0,37
29,0,38
29,0,39
29,0,40
29,0,41
29,0,42
29,0,43
29,0,44
29,0,45
29,0,46
29,0,47
29,0,48
29,0,49
29,0,50
29,1,33
29,1,34
29,1,35
29,1,36
29,1,37
29,1,38
29,1,39
29,1,40
29,1,41
29,1,42
29,1,43
29,1,44
29,1,45
29,1,46
29,1,47
29,1,48
29,2,28
29,2,29
29,2,30
29,2,31
29,2,32
29,2,33
29,2,34
29,2,35
29,2,36
29,2,37
29,2,38
29,2,39
29,2,40
29,2,41
29,2,42
29,2,43
29,2,44
29,2,45
29,3,23
29,3,24
29,3,25
29,3,26
29,3,27
29,3,28
29,3,29
29,3,30
29,3,31
29,3,32
29,3,33
29,3,34
29,3,35
29,3,36
29,3,37
29,3,38
29,3,39
29,3,40
29,3,41
29,3,42
29,4,17
29,4,18
29,4,19
29,4,20
29,4,21
29,4,22
29,4,23
29,4,24
29,4,25
29,4,26
29,4,27
29,4,28
29,4,29
29,4,30
29,4,31
29,4,32
29,4,33
29,4,34
29,4,35
29,4,36
29,4,37
29,4,38
29,4,39
29,5,9
29,5,10
29,5,11
29,5,12
29,5,13
29,5,14
29,5,15
29,5,16
29,5,17
29,5,18
29,5,19
29,5,20
29,5,21
29,5,22
29,5,23
29,5,24
29,5,25
29,5,26
29,5,27
29,5,28
29,5,29
29,5,30
29,5,31
29,5,32
29,5,33
29,5,34
29,5,35
29,5,36
29,6,0
29,6,1
29,6,2
29,6,3
29,6,4
29,6,5
29,6,6
29,6,7
29,6,8
29,6,9
29,6,10
29,6,11
29,6,12
29,6,13
29,6,14
29,6,15
29,6,16
29,6,17
29,6,18
29,6,19
29,6,20
29,6,21
29,6,22
29,6,23
29,6,24
29,6,25
29,6,26
29,6,27
29,6,28
29,6,29
29,6,30
29,6,31
29,6,32
29,7,0
29,7,1
29,7,2
29,7,3
29,7,4
29,7,5
29,7,6
29,7,7
29,7,8
29,7,9
29,7,10
29,7,11
29,7,12
29,7,13
29,7,14
29,7,15
29,7,16
29,7,17
29,7,18
29,7,19
29,7,20
29,7,21
29,7,22
29,7,23
29,7,24
29,7,25
29,7,26
29,7,27
29,7,28
29,8,0
29,8,1
29,8,2
29,8,3
29,8,4
29,8,5
29,8,6
29,8,7
29,8,8
29,8,9
29,8,10
29,8,11
29,8,12
29,8,13
29,8,14
29,8,15
29,8,16
29,8,17
29,8,18
29,8,19
29,8,20
29,8,21
29,8,22
29,8,23
29,9,0
29,9,1
29,9,2
29,9,3
29,9,4
29,9,5
29,9,6
29,9,7
29,9,8
29,9,9
29,9,10
29,9,11
29,9,12
29,9,13
29,9,14
29,9,15
29,9,16
29,9,17
29,10,0
29,10,1
29,10,2
29,10,3
29,10,4
29,10,5
29,10,6
29,10,7
29,10,8
29,10,9
30,0,35
30,0,36
30,0,37
30,0,38
30,0,39
30,0,40
30,0,41
30,0,42
30,0,43
30,0,44
30,0,45
30,0,46
30,0,47
30,0,48
30,0,49
30,1,30
30,1,31
30,1,32
30,1,33
30,1,34
30,1,35
30,1,36
30,1,37
30,1,38
30,1,39
30,1,40
30,1,41
30,1,42
30,1,43
30,1,44
30,1,45
30,1,46
30,2,25
30,2,26
30,2,27
30,2,28
30,2,29
30,2,30
30,2,31
30,2,32
30,2,33
30,2,34
30,2,35
30,2,36
30,2,37
30,2,38
30,2,39
30,2,40
30,2,41
30,2,42
30,2,43
30,3,19
30,3,20
30,3,21
30,3,22
30,3,23
30,3,24
30,3,25
30,3,26
30,3,27
30,3,28
30,3,29
30,3,30
30,3,31
30,3,32
30,3,33
30,3,34
30,3,35
30,3,36
30,3,37
30,3,38
30,3,39
30,3,40
30,4,12
30,4,13
30,4,14
30,4,15
30,4,16
30,4,17
30,4,18
30,4,19
30,4,20
30,4,21
30,4,22
30,4,23
30,4,24
30,4,25
30,4,26
30,4,27
30,4,28
30,4,29
30,4,30
30,4,31
30,4,32
30,4,33
30,4,34
30,4,35
30,4,36
30,4,37
30,5,2
30,5,3
30,5,4
30,5,5
30,5,6
30,5,7
30,5,8
30,5,9
30,5,10
30,5,11
30,5,12
30,5,13
30,5,14
30,5,15
30,5,16
30,5,17
30,5,18
30,5,19
30,5,20
30,5,21
30,5,22
30,5,23
30,5,24
30,5,25
30,5,26
30,5,27
30,5,28
30,5,29
30,5,30
30,5,31
30,5,32
30,5,33
30,6,0
30,6,1
30,6,2
30,6,3
30,6,4
30,6,5
30,6,6
30,6,7
30,6,8
30,6,9
30,6,10
30,6,11
30,6,12
30,6,13
30,6,14
30,6,15
30,6,16
30,6,17
30,6,18
30,6,19
30,6,20
30,6,21
30,6,22
30,6,23
30,6,24
30,6,25
30,6,26
30,6,27
30,6,28
30,6,29
30,7,0
30,7,1
30,7,2
30,7,3
30,7,4
30,7,5
30,7,6
30,7,7
30,7,8
30,7,9
30,7,10
30,7,11
30,7,12
30,7,13
30,7,14
30,7,15
30,7,16
30,7,17
30,7,18
30,7,19
30,7,20
30,7,21
30,7,22
30,7,23
30,7,24
30,7,25
30,8,0
30,8,1
30,8,2
30,8,3
30,8,4
30,8,5
30,8,6
30,8,7
30,8,8
30,8,9
30,8,10
30,8,11
30,8,12
30,8,13
30,8,14
30,8,15
30,8,16
30,8,17
30,8,18
30,8,19
30,9,0
30,9,1
30,9,2
30,9,3
30,9,4
30,9,5
30,9,6
30,9,7
30,9,8
30,9,9
30,9,10
30,9,11
30,9,12
30,10,0
30,10,1
30,10,2
31,0,32
31,0,33
31,0,34
31,0,35
31,0,36
31,0,37
31,0,38
31,0,39
31,0,40
31,0,41
31,0,42
31,0,43
31,0,44
31,0,45
31,0,46
31,0,47
31,1,26
31,1,27
31,1,28
31,1,29
31,1,30
31,1,31
31,1,32
31,1,33
31,1,34
31,1,35
31,1,36
31,1,37
31,1,38
31,1,39
31,1,40
31,1,41
31,1,42
31,1,43
31,1,44
31,2,21
31,2,22
31,2,23
31,2,24
31,2,25
31,2,26
31,2,27
31,2,28
31,2,29
31,2,30
31,2,31
31,2,32
31,2,33
31,2,34
31,2,35
31,2,36
31,2,37
31,2,38
31,2,39
31,2,40
31,2,41
31,3,14
31,3,15
31,3,16
31,3,17
31,3,18
31,3,19
31,3,20
31,3,21
31,3,22
31,3,23
31,3,24
31,3,25
31,3,26
31,3,27
31,3,28
31,3,29
31,3,30
31,3,31
31,3,32
31,3,33
31,3,34
31,3,35
31,3,36
31,3,37
31,3,38
31,4,5
31,4,6
31,4,7
31,4,8
31,4,9
31,4,10
31,4,11
31,4,12
31,4,13
31,4,14
31,4,15
31,4,16
31,4,17
31,4,18
31,4,19
31,4,20
31,4,21
31,4,22
31,4,23
31,4,24
31,4,25
31,4,26
31,4,27
31,4,28
31,4,29
31,4,30
31,4,31
31,4,32
31,4,33
31,4,34
31,5,0
31,5,1
31,5,2
31,5,3
31,5,4
31,5,5
31,5,6
31,5,7
31,5,8
31,5,9
31,5,10
31,5,11
31,5,12
31,5,13
31,5,14
31,5,15
31,5,16
31,5,17
31,5,18
31,5,19
31,5,20
31,5,21
31,5,22
31,5,23
31,5,24
31,5,25
31,5,26
31,5,27
31,5,28
31,5,29
31,5,30
31,6,0
31,6,1
31,6,2
31,6,3
31,6,4
31,6,5
31,6,6
31,6,7
31,6,8
31,6,9
31,6,10
31,6,11
31,6,12
31,6,13
31,6,14
31,6,15
31,6,16
31,6,17
31,6,18
31,6,19
31,6,20
31,6,21
31,6,22
31,6,23
31,6,24
31,6,25
31,6,26
31,7,0
31,7,1
31,7,2
31,7,3
31,7,4
31,7,5
31,7,6
31,7,7
31,7,8
31,7,9
31,7,10
31,7,11
31,7,12
31,7,13
31,7,14
31,7,15
31,7,16
31,7,17
31,7,18
31,7,19
31,7,20
31,7,21
31,8,0
31,8,1
31,8,2
31,8,3
31,8,4
31,8,5
31,8,6
31,8,7
31,8,8
31,8,9
31,8,10
31,8,11
31,8,12
31,8,13
31,8,14
31,9,0
31,9,1
31,9,2
31,9,3
31,9,4
31,9,5
32,0,29
32,0,30
32,0,31
32,0,32
32,0,33
32,0,34
32,0,35
32,0,36
32,0,37
32,0,38
32,0,39
32,0,40
32,0,41
32,0,42
32,0,43
32,0,44
32,0,45
32,1,23
32,1,24
32,1,25
32,1,26
32,1,27
32,1,28
32,1,29
32,1,30
32,1,31
32,1,32
32,1,33
32,1,34
32,1,35
32,1,36
32,1,37
32,1,38
32,1,39
32,1,40
32,1,41
32,1,42
32,2,16
32,2,17
32,2,18
32,2,19
32,2,20
32,2,21
32,2,22
32,2,23
32,2,24
32,2,25
32,2,26
32,2,27
32,2,28
32,2,29
32,2,30
32,2,31
32,2,32
32,2,33
32,2,34
32,2,35
32,2,36
32,2,37
32,2,38
32,2,39
32,3,7
32,3,8
32,3,9
32,3,10
32,3,11
32,3,12
32,3,13
32,3,14
32,3,15
32,3,16
32,3,17
32,3,18
32,3,19
32,3,20
32,3,21
32,3,22
32,3,23
32,3,24
32,3,25
32,3,26
32,3,27
32,3,28
32,3,29
32,3,30
32,3,31
32,3,32
32,3,33
32,3,34
32,3,35
32,4,0
32,4,1
32,4,2
32,4,3
32,4,4
32,4,5
32,4,6
32,4,7
32,4,8
32,4,9
32,4,10
32,4,11
32,4,12
32,4,13
32,4,14
32,4,15
32,4,16
32,4,17
32,4,18
32,4,19
32,4,20
32,4,21
32,4,22
32,4,23
32,4,24
32,4,25
32,4,26
32,4,27
32,4,28
32,4,29
32,4,30
32,4,31
32,5,0
32,5,1
32,5,2
32,5,3
32,5,4
32,5,5
32,5,6
32,5,7
32,5,8
32,5,9
32,5,10
32,5,11
32,5,12
32,5,13
32,5,14
32,5,15
32,5,16
32,5,17
32,5,18
32,5,19
32,5,20
32,5,21
32,5,22
32,5,23
32,5,24
32,5,25
32,5,26
32,5,27
32,6,0
32,6,1
32,6,2
32,6,3
32,6,4
32,6,5
32,6,6
32,6,7
32,6,8
32,6,9
32,6,10
32,6,11
32,6,12
32,6,13
32,6,14
32,6,15
32,6,16
32,6,17
32,6,18
32,6,19
32,6,20
32,6,21
32,6,22
32,7,0
32,7,1
32,7,2
32,7,3
32,7,4
32,7,5
32,7,6
32,7,7
32,7,8
32,7,9
32,7,10
32,7,11
32,7,12
32,7,13
32,7,14
32,7,15
32,7,16
32,8,0
32,8,1
32,8,2
32,8,3
32,8,4
32,8,5
32,8,6
32,8,7
33,0,25
33,0,26
33,0,27
33,0,28
33,0,29
33,0,30
33,0,31
33,0,32
33,0,33
33,0,34
33,0,35
33,0,36
33,0,37
33,0,38
33,0,39
33,0,40
33,0,41
33,0,42
33,0,43
33,1,18
33,1,19
33,1,20
33,1,21
33,1,22
33,1,23
33,1,24
33,1,25
33,1,26
33,1,27
33,1,28
33,1,29
33,1,30
33,1,31
33,1,32
33,1,33
33,1,34
33,1,35
33,1,36
33,1,37
33,1,38
33,1,39
33,2,10
33,2,11
33,2,12
33,2,13
33,2,14
33,2,15
33,2,16
33,2,17
33,2,18
33,2,19
33,2,20
33,2,21
33,2,22
33,2,23
33,2,24
33,2,25
33,2,26
33,2,27
33,2,28
33,2,29
33,2,30
33,2,31
33,2,32
33,2,33
33,2,34
33,2,35
33,2,36
33,3,0
33,3,1
33,3,2
33,3,3
33,3,4
33,3,5
33,3,6
33,3,7
33,3,8
33,3,9
33,3,10
33,3,11
33,3,12
33,3,13
33,3,14
33,3,15
33,3,16
33,3,17
33,3,18
33,3,19
33,3,20
33,3,21
33,3,22
33,3,23
33,3,24
33,3,25
33,3,26
33,3,27
33,3,28
33,3,29
33,3,30
33,3,31
33,3,32
33,4,0
33,4,1
33,4,2
33,4,3
33,4,4
33,4,5
33,4,6
33,4,7
33,4,8
33,4,9
33,4,10
33,4,11
33,4,12
33,4,13
33,4,14
33,4,15
33,4,16
33,4,17
33,4,18
33,4,19
33,4,20
33,4,21
33,4,22
33,4,23
33,4,24
33,4,25
33,4,26
33,4,27
33,4,28
33,5,0
33,5,1
33,5,2
33,5,3
33,5,4
33,5,5
33,5,6
33,5,7
33,5,8
33,5,9
33,5,10
33,5,11
33,5,12
33,5,13
33,5,14
33,5,15
33,5,16
33,5,17
33,5,18
33,5,19
33,5,20
33,5,21
33,5,22
33,5,23
33,5,24
33,6,0
33,6,1
33,6,2
33,6,3
33,6,4
33,6,5
33,6,6
33,6,7
33,6,8
33,6,9
33,6,10
33,6,11
33,6,12
33,6,13
33,6,14
33,6,15
33,6,16
33,6,17
33,6,18
33,7,0
33,7,1
33,7,2
33,7,3
33,7,4
33,7,5
33,7,6
33,7,7
33,7,8
33,7,9
33,7,10
33,8,0
34,0,21
34,0,22
34,0,23
34,0,24
34,0,25
34,0,26
34,0,27
34,0,28
34,0,29
34,0,30
34,0,31
34,0,32
34,0,33
34,0,34
34,0,35
34,0,36
34,0,37
34,0,38
34,0,39
34,0,40
34,1,12
34,1,13
34,1,14
34,1,15
34,1,16
34,1,17
34,1,18
34,1,19
34,1,20
34,1,21
34,1,22
34,1,23
34,1,24
34,1,25
34,1,26
34,1,27
34,1,28
34,1,29
34,1,30
34,1,31
34,1,32
34,1,33
34,1,34
34,1,35
34,1,36
34,1,37
34,2,2
34,2,3
34,2,4
34,2,5
34,2,6
34,2,7
34,2,8
34,2,9
34,2,10
34,2,11
34,2,12
34,2,13
34,2,14
34,2,15
34,2,16
34,2,17
34,2,18
34,2,19
34,2,20
34,2,21
34,2,22
34,2,23
34,2,24
34,2,25
34,2,26
34,2,27
34,2,28
34,2,29
34,2,30
34,2,31
34,2,32
34,2,33
34,3,0
34,3,1
34,3,2
34,3,3
34,3,4
34,3,5
34,3,6
34,3,7
34,3,8
34,3,9
34,3,10
34,3,11
34,3,12
34,3,13
34,3,14
34,3,15
34,3,16
34,3,17
34,3,18
34,3,19
34,3,20
34,3,21
34,3,22
34,3,23
34,3,24
34,3,25
34,3,26
34,3,27
34,3,28
34,3,29
34,4,0
34,4,1
34,4,2
34,4,3
34,4,4
34,4,5
34,4,6
34,4,7
34,4,8
34,4,9
34,4,10
34,4,11
34,4,12
34,4,13
34,4,14
34,4,15
34,4,16
34,4,17
34,4,18
34,4,19
34,4,20
34,4,21
34,4,22
34,4,23
34,4,24
34,4,25
34,5,0
34,5,1
34,5,2
34,5,3
34,5,4
34,5,5
34,5,6
34,5,7
34,5,8
34,5,9
34,5,10
34,5,11
34,5,12
34,5,13
34,5,14
34,5,15
34,5,16
34,5,17
34,5,18
34,5,19
34,6,0
34,6,1
34,6,2
34,6,3
34,6,4
34,6,5
34,6,6
34,6,7
34,6,8
34,6,9
34,6,10
34,6,11
34,6,12
34,7,0
34,7,1
34,7,2
35,0,15
35,0,16
35,0,17
35,0,18
35,0,19
35,0,20
35,0,21
35,0,22
35,0,23
35,0,24
35,0,25
35,0,26
35,0,27
35,0,28
35,0,29
35,0,30
35,0,31
35,0,32
35,0,33
35,0,34
35,0,35
35,0,36
35,0,37
35,0,38
35,1,4
35,1,5
35,1,6
35,1,7
35,1,8
35,1,9
35,1,10
35,1,11
35,1,12
35,1,13
35,1,14
35,1,15
35,1,16
35,1,17
35,1,18
35,1,19
35,1,20
35,1,21
35,1,22
35,1,23
35,1,24
35,1,25
35,1,26
35,1,27
35,1,28
35,1,29
35,1,30
35,1,31
35,1,32
35,1,33
35,1,34
35,2,0
35,2,1
35,2,2
35,2,3
35,2,4
35,2,5
35,2,6
35,2,7
35,2,8
35,2,9
35,2,10
35,2,11
35,2,12
35,2,13
35,2,14
35,2,15
35,2,16
35,2,17
35,2,18
35,2,19
35,2,20
35,2,21
35,2,22
35,2,23
35,2,24
35,2,25
35,2,26
35,2,27
35,2,28
35,2,29
35,2,30
35,3,0
35,3,1
35,3,2
35,3,3
35,3,4
35,3,5
35,3,6
35,3,7
35,3,8
35,3,9
35,3,10
35,3,11
35,3,12
35,3,13
35,3,14
35,3,15
35,3,16
35,3,17
35,3,18
35,3,19
35,3,20
35,3,21
35,3,22
35,3,23
35,3,24
35,3,25
35,3,26
35,4,0
35,4,1
35,4,2
35,4,3
35,4,4
35,4,5
35,4,6
35,4,7
35,4,8
35,4,9
35,4,10
35,4,11
35,4,12
35,4,13
35,4,14
35,4,15
35,4,16
35,4,17
35,4,18
35,4,19
35,4,20
35,5,0
35,5,1
35,5,2
35,5,3
35,5,4
35,5,5
35,5,6
35,5,7
35,5,8
35,5,9
35,5,10
35,5,11
35,5,12
35,5,13
35,5,14
35,6,0
35,6,1
35,6,2
35,6,3
35,6,4
36,0,7
36,0,8
36,0,9
36,0,10
36,0,11
36,0,12
36,0,13
36,0,14
36,0,15
36,0,16
36,0,17
36,0,18
36,0,19
36,0,20
36,0,21
36,0,22
36,0,23
36,0,24
36,0,25
36,0,26
36,0,27
36,0,28
36,0,29
36,0,30
36,0,31
36,0,32
36,0,33
36,0,34
36,0,35
36,1,0
36,1,1
36,1,2
36,1,3
36,1,4
36,1,5
36,1,6
36,1,7
36,1,8
36,1,9
36,1,10
36,1,11
36,1,12
36,1,13
36,1,14
36,1,15
36,1,16
36,1,17
36,1,18
36,1,19
36,1,20
36,1,21
36,1,22
36,1,23
36,1,24
36,1,25
36,1,26
36,1,27
36,1,28
36,1,29
36,1,30
36,1,31
36,2,0
36,2,1
36,2,2
36,2,3
36,2,4
36,2,5
36,2,6
36,2,7
36,2,8
36,2,9
36,2,10
36,2,11
36,2,12
36,2,13
36,2,14
36,2,15
36,2,16
36,2,17
36,2,18
36,2,19
36,2,20
36,2,21
36,2,22
36,2,23
36,2,24
36,2,25
36,2,26
36,2,27
36,3,0
36,3,1
36,3,2
36,3,3
36,3,4
36,3,5
36,3,6
36,3,7
36,3,8
36,3,9
36,3,10
36,3,11
36,3,12
36,3,13
36,3,14
36,3,15
36,3,16
36,3,17
36,3,18
36,3,19
36,3,20
36,3,21
36,3,22
36,4,0
36,4,1
36,4,2
36,4,3
36,4,4
36,4,5
36,4,6
36,4,7
36,4,8
36,4,9
36,4,10
36,4,11
36,4,12
36,4,13
36,4,14
36,4,15
36,5,0
36,5,1
36,5,2
36,5,3
36,5,4
36,5,5
36,5,6
37,0,1
37,0,2
37,0,3
37,0,4
37,0,5
37,0,6
37,0,7
37,0,8
37,0,9
37,0,10
37,0,11
37,0,12
37,0,13
37,0,14
37,0,15
37,0,16
37,0,17
37,0,18
37,0,19
37,0,20
37,0,21
37,0,22
37,0,23
37,0,24
37,0,25
37,0,26
37,0,27
37,0,28
37,0,29
37,0,30
37,0,31
37,0,32
37,1,0
37,1,1
37,1,2
37,1,3
37,1,4
37,1,5
37,1,6
37,1,7
37,1,8
37,1,9
37,1,10
37,1,11
37,1,12
37,1,13
37,1,14
37,1,15
37,1,16
37,1,17
37,1,18
37,1,19
37,1,20
37,1,21
37,1,22
37,1,23
37,1,24
37,1,25
37,1,26
37,1,27
37,2,0
37,2,1
37,2,2
37,2,3
37,2,4
37,2,5
37,2,6
37,2,7
37,2,8
37,2,9
37,2,10
37,2,11
37,2,12
37,2,13
37,2,14
37,2,15
37,2,16
37,2,17
37,2,18
37,2,19
37,2,20
37,2,21
37,2,22
37,3,0
37,3,1
37,3,2
37,3,3
37,3,4
37,3,5
37,3,6
37,3,7
37,3,8
37,3,9
37,3,10
37,3,11
37,3,12
37,3,13
37,3,14
37,3,15
37,3,16
37,4,0
37,4,1
37,4,2
37,4,3
37,4,4
37,4,5
37,4,6
37,4,7
37,4,8
38,0,1
38,0,2
38,0,3
38,0,4
38,0,5
38,0,6
38,0,7
38,0,8
38,0,9
38,0,10
38,0,11
38,0,12
38,0,13
38,0,14
38,0,15
38,0,16
38,0,17
38,0,18
38,0,19
38,0,20
38,0,21
38,0,22
38,0,23
38,0,24
38,0,25
38,0,26
38,0,27
38,0,28
38,1,0
38,1,1
38,1,2
38,1,3
38,1,4
38,1,5
38,1,6
38,1,7
38,1,8
38,1,9
38,1,10
38,1,11
38,1,12
38,1,13
38,1,14
38,1,15
38,1,16
38,1,17
38,1,18
38,1,19
38,1,20
38,1,21
38,1,22
38,1,23
38,2,0
38,2,1
38,2,2
38,2,3
38,2,4
38,2,5
38,2,6
38,2,7
38,2,8
38,2,9
38,2,10
38,2,11
38,2,12
38,2,13
38,2,14
38,2,15
38,2,16
38,2,17
38,3,0
38,3,1
38,3,2
38,3,3
38,3,4
38,3,5
38,3,6
38,3,7
38,3,8
38,3,9
39,0,1
39,0,2
39,0,3
39,0,4
39,0,5
39,0,6
39,0,7
39,0,8
39,0,9
39,0,10
39,0,11
39,0,12
39,0,13
39,0,14
39,0,15
39,0,16
39,0,17
39,0,18
39,0,19
39,0,20
39,0,21
39,0,22
39,0,23
39,0,24
39,1,0
39,1,1
39,1,2
39,1,3
39,1,4
39,1,5
39,1,6
39,1,7
39,1,8
39,1,9
39,1,10
39,1,11
39,1,12
39,1,13
39,1,14
39,1,15
39,1,16
39,1,17
39,1,18
39,2,0
39,2,1
39,2,2
39,2,3
39,2,4
39,2,5
39,2,6
39,2,7
39,2,8
39,2,9
39,2,10
39,3,0
40,0,1
40,0,2
40,0,3
40,0,4
40,0,5
40,0,6
40,0,7
40,0,8
40,0,9
40,0,10
40,0,11
40,0,12
40,0,13
40,0,14
40,0,15
40,0,16
40,0,17
40,0,18
40,0,19
40,1,0
40,1,1
40,1,2
40,1,3
40,1,4
40,1,5
40,1,6
40,1,7
40,1,8
40,1,9
40,1,10
40,1,11
40,2,0
40,2,1
41,0,1
41,0,2
41,0,3
41,0,4
41,0,5
41,0,6
41,0,7
41,0,8
41,0,9
41,0,10
41,0,11
41,0,12
41,1,0
41,1,1
41,1,2
42,0,1
42,0,2
