0,0,75
1,0,74
2,0,74
3,0,73
4,0,73
5,0,72
6,0,72
7,0,71
8,0,71
9,0,70
10,0,70
11,0,69
12,0,69
13,0,68
14,0,67
15,0,67
16,0,66
17,0,65
18,0,64
19,0,64
20,0,63
21,0,62
22,0,61
23,0,60
24,0,58
25,0,57
26,0,56
28,0,53
29,0,51
30,0,50
27,0,54
31,0,48
32,0,46
33,0,44
34,0,41
35,0,39
36,0,36
37,0,33
38,0,29
39,0,25
40,0,20
41,0,13
42,0,3
43,0,0
44,0,0
45,0,0
46,0,0
47,0,0
0,0,76
0,0,77
0,0,78
0,0,79
0,0,80
0,0,81
0,1,73
0,1,74
0,1,75
0,1,76
0,1,77
0,1,78
0,1,79
0,1,80
0,2,71
0,2,72
0,2,73
0,2,74
0,2,75
0,2,76
0,2,77
0,2,78
0,2,79
0,3,70
0,3,71
0,3,72
0,3,73
0,3,74
0,3,75
0,3,76
0,3,77
0,4,68
0,4,69
0,4,70
0,4,71
0,4,72
0,4,73
0,4,74
0,4,75
0,4,76
0,5,66
0,5,67
0,5,68
0,5,69
0,5,70
0,5,71
0,5,72
0,5,73
0,5,74
0,6,64
0,6,65
0,6,66
0,6,67
0,6,68
0,6,69
0,6,70
0,6,71
0,6,72
0,7,62
0,7,63
0,7,64
0,7,65
0,7,66
0,7,67
0,7,68
0,7,69
0,7,70
0,7,71
0,8,60
0,8,61
0,8,62
0,8,63
0,8,64
0,8,65
0,8,66
0,8,67
0,8,68
0,8,69
0,9,58
0,9,59
0,9,60
0,9,61
0,9,62
0,9,63
0,9,64
0,9,65
0,9,66
0,9,67
0,10,56
0,10,57
0,10,58
0,10,59
0,10,60
0,10,61
0,10,62
0,10,63
0,10,64
0,10,65
0,11,54
0,11,55
0,11,56
0,11,57
0,11,58
0,11,59
0,11,60
0,11,61
0,11,62
0,11,63
0,12,51
0,12,52
0,12,53
0,12,54
0,12,55
0,12,56
0,12,57
0,12,58
0,12,59
0,12,60
0,12,61
0,13,48
0,13,49
0,13,50
0,13,51
0,13,52
0,13,53
0,13,54
0,13,55
0,13,56
0,13,57
0,13,58
0,13,59
0,14,45
0,14,46
0,14,47
0,14,48
0,14,49
0,14,50
0,14,51
0,14,52
0,14,53
0,14,54
0,14,55
0,14,56
0,15,41
0,15,42
0,15,43
0,15,44
0,15,45
0,15,46
0,15,47
0,15,48
0,15,49
0,15,50
0,15,51
0,15,52
0,15,53
0,15,54
0,16,37
0,16,38
0,16,39
0,16,40
0,16,41
0,16,42
0,16,43
0,16,44
0,16,45
0,16,46
0,16,47
0,16,48
0,16,49
0,16,50
0,17,31
0,17,32
0,17,33
0,17,34
0,17,35
0,17,36
0,17,37
0,17,38
0,17,39
0,17,40
0,17,41
0,17,42
0,17,43
0,17,44
0,17,45
0,17,46
0,17,47
0,18,24
0,18,25
0,18,26
0,18,27
0,18,28
0,18,29
0,18,30
0,18,31
0,18,32
0,18,33
0,18,34
0,18,35
0,18,36
0,18,37
0,18,38
0,18,39
0,18,40
0,18,41
0,18,42
0,18,43
0,19,15
0,19,16
0,19,17
0,19,18
0,19,19
0,19,20
0,19,21
0,19,22
0,19,23
0,19,24
0,19,25
0,19,26
0,19,27
0,19,28
0,19,29
0,19,30
0,19,31
0,19,32
0,19,33
0,19,34
0,19,35
0,19,36
0,19,37
0,19,38
0,20,0
0,20,1
0,20,2
0,20,3
0,20,4
0,20,5
0,20,6
0,20,7
0,20,8
0,20,9
0,20,10
0,20,11
0,20,12
0,20,13
0,20,14
0,20,15
0,20,16
0,20,17
0,20,18
0,20,19
0,20,20
0,20,21
0,20,22
0,20,23
0,20,24
0,20,25
0,20,26
0,20,27
0,20,28
0,20,29
0,20,30
0,20,31
0,20,32
0,21,0
0,21,1
0,21,2
0,21,3
0,21,4
0,21,5
0,21,6
0,21,7
0,21,8
0,21,9
0,21,10
0,21,11
0,21,12
0,21,13
0,21,14
0,21,15
0,21,16
0,21,17
0,21,18
0,21,19
0,21,20
0,21,21
0,21,22
0,21,23
0,21,24
0,21,25
0,22,0
0,22,1
0,22,2
0,22,3
0,22,4
0,22,5
0,22,6
0,22,7
0,22,8
0,22,9
0,22,10
0,22,11
0,22,12
0,22,13
0,22,14
0,22,15
1,0,75
1,0,76
1,0,77
1,0,78
1,0,79
1,0,80
1,0,81
1,1,73
1,1,74
1,1,75
1,1,76
1,1,77
1,1,78
1,1,79
1,1,80
1,2,71
1,2,72
1,2,73
1,2,74
1,2,75
1,2,76
1,2,77
1,2,78
1,3,69
1,3,70
1,3,71
1,3,72
1,3,73
1,3,74
1,3,75
1,3,76
1,3,77
1,4,67
1,4,68
1,4,69
1,4,70
1,4,71
1,4,72
1,4,73
1,4,74
1,4,75
1,5,66
1,5,67
1,5,68
1,5,69
1,5,70
1,5,71
1,5,72
1,5,73
1,6,64
1,6,65
1,6,66
1,6,67
1,6,68
1,6,69
1,6,70
1,6,71
1,6,72
1,7,62
1,7,63
1,7,64
1,7,65
1,7,66
1,7,67
1,7,68
1,7,69
1,7,70
1,8,60
1,8,61
1,8,62
1,8,63
1,8,64
1,8,65
1,8,66
1,8,67
1,8,68
1,9,58
1,9,59
1,9,60
1,9,61
1,9,62
1,9,63
1,9,64
1,9,65
1,9,66
1,9,67
1,10,55
1,10,56
1,10,57
1,10,58
1,10,59
1,10,60
1,10,61
1,10,62
1,10,63
1,10,64
1,10,65
1,11,53
1,11,54
1,11,55
1,11,56
1,11,57
1,11,58
1,11,59
1,11,60
1,11,61
1,11,62
1,11,63
1,12,50
1,12,51
1,12,52
1,12,53
1,12,54
1,12,55
1,12,56
1,12,57
1,12,58
1,12,59
1,12,60
1,12,61
1,13,47
1,13,48
1,13,49
1,13,50
1,13,51
1,13,52
1,13,53
1,13,54
1,13,55
1,13,56
1,13,57
1,13,58
1,14,44
1,14,45
1,14,46
1,14,47
1,14,48
1,14,49
1,14,50
1,14,51
1,14,52
1,14,53
1,14,54
1,14,55
1,14,56
1,15,40
1,15,41
1,15,42
1,15,43
1,15,44
1,15,45
1,15,46
1,15,47
1,15,48
1,15,49
1,15,50
1,15,51
1,15,52
1,15,53
1,16,35
1,16,36
1,16,37
1,16,38
1,16,39
1,16,40
1,16,41
1,16,42
1,16,43
1,16,44
1,16,45
1,16,46
1,16,47
1,16,48
1,16,49
1,16,50
1,17,30
1,17,31
1,17,32
1,17,33
1,17,34
1,17,35
1,17,36
1,17,37
1,17,38
1,17,39
1,17,40
1,17,41
1,17,42
1,17,43
1,17,44
1,17,45
1,17,46
1,18,23
1,18,24
1,18,25
1,18,26
1,18,27
1,18,28
1,18,29
1,18,30
1,18,31
1,18,32
1,18,33
1,18,34
1,18,35
1,18,36
1,18,37
1,18,38
1,18,39
1,18,40
1,18,41
1,18,42
1,19,12
1,19,13
1,19,14
1,19,15
1,19,16
1,19,17
1,19,18
1,19,19
1,19,20
1,19,21
1,19,22
1,19,23
1,19,24
1,19,25
1,19,26
1,19,27
1,19,28
1,19,29
1,19,30
1,19,31
1,19,32
1,19,33
1,19,34
1,19,35
1,19,36
1,19,37
1,20,0
1,20,1
1,20,2
1,20,3
1,20,4
1,20,5
1,20,6
1,20,7
1,20,8
1,20,9
1,20,10
1,20,11
1,20,12
1,20,13
1,20,14
1,20,15
1,20,16
1,20,17
1,20,18
1,20,19
1,20,20
1,20,21
1,20,22
1,20,23
1,20,24
1,20,25
1,20,26
1,20,27
1,20,28
1,20,29
1,20,30
1,20,31
1,21,0
1,21,1
1,21,2
1,21,3
1,21,4
1,21,5
1,21,6
1,21,7
1,21,8
1,21,9
1,21,10
1,21,11
1,21,12
1,21,13
1,21,14
1,21,15
1,21,16
1,21,17
1,21,18
1,21,19
1,21,20
1,21,21
1,21,22
1,21,23
1,21,24
1,22,0
1,22,1
1,22,2
1,22,3
1,22,4
1,22,5
1,22,6
1,22,7
1,22,8
1,22,9
1,22,10
1,22,11
1,22,12
2,0,75
2,0,76
2,0,77
2,0,78
2,0,79
2,0,80
2,0,81
2,1,72
2,1,73
2,1,74
2,1,75
2,1,76
2,1,77
2,1,78
2,1,79
2,2,70
2,2,71
2,2,72
2,2,73
2,2,74
2,2,75
2,2,76
2,2,77
2,2,78
2,3,69
2,3,70
2,3,71
2,3,72
2,3,73
2,3,74
2,3,75
2,3,76
2,4,67
2,4,68
2,4,69
2,4,70
2,4,71
2,4,72
2,4,73
2,4,74
2,4,75
2,5,65
2,5,66
2,5,67
2,5,68
2,5,69
2,5,70
2,5,71
2,5,72
2,5,73
2,6,63
2,6,64
2,6,65
2,6,66
2,6,67
2,6,68
2,6,69
2,6,70
2,6,71
2,7,61
2,7,62
2,7,63
2,7,64
2,7,65
2,7,66
2,7,67
2,7,68
2,7,69
2,7,70
2,8,59
2,8,60
2,8,61
2,8,62
2,8,63
2,8,64
2,8,65
2,8,66
2,8,67
2,8,68
2,9,57
2,9,58
2,9,59
2,9,60
2,9,61
2,9,62
2,9,63
2,9,64
2,9,65
2,9,66
2,10,55
2,10,56
2,10,57
2,10,58
2,10,59
2,10,60
2,10,61
2,10,62
2,10,63
2,10,64
2,11,52
2,11,53
2,11,54
2,11,55
2,11,56
2,11,57
2,11,58
2,11,59
2,11,60
2,11,61
2,11,62
2,12,50
2,12,51
2,12,52
2,12,53
2,12,54
2,12,55
2,12,56
2,12,57
2,12,58
2,12,59
2,12,60
2,13,47
2,13,48
2,13,49
2,13,50
2,13,51
2,13,52
2,13,53
2,13,54
2,13,55
2,13,56
2,13,57
2,13,58
2,14,43
2,14,44
2,14,45
2,14,46
2,14,47
2,14,48
2,14,49
2,14,50
2,14,51
2,14,52
2,14,53
2,14,54
2,14,55
2,15,39
2,15,40
2,15,41
2,15,42
2,15,43
2,15,44
2,15,45
2,15,46
2,15,47
2,15,48
2,15,49
2,15,50
2,15,51
2,15,52
2,16,34
2,16,35
2,16,36
2,16,37
2,16,38
2,16,39
2,16,40
2,16,41
2,16,42
2,16,43
2,16,44
2,16,45
2,16,46
2,16,47
2,16,48
2,16,49
2,17,29
2,17,30
2,17,31
2,17,32
2,17,33
2,17,34
2,17,35
2,17,36
2,17,37
2,17,38
2,17,39
2,17,40
2,17,41
2,17,42
2,17,43
2,17,44
2,17,45
2,18,21
2,18,22
2,18,23
2,18,24
2,18,25
2,18,26
2,18,27
2,18,28
2,18,29
2,18,30
2,18,31
2,18,32
2,18,33
2,18,34
2,18,35
2,18,36
2,18,37
2,18,38
2,18,39
2,18,40
2,18,41
2,19,9
2,19,10
2,19,11
2,19,12
2,19,13
2,19,14
2,19,15
2,19,16
2,19,17
2,19,18
2,19,19
2,19,20
2,19,21
2,19,22
2,19,23
2,19,24
2,19,25
2,19,26
2,19,27
2,19,28
2,19,29
2,19,30
2,19,31
2,19,32
2,19,33
2,19,34
2,19,35
2,19,36
2,20,0
2,20,1
2,20,2
2,20,3
2,20,4
2,20,5
2,20,6
2,20,7
2,20,8
2,20,9
2,20,10
2,20,11
2,20,12
2,20,13
2,20,14
2,20,15
2,20,16
2,20,17
2,20,18
2,20,19
2,20,20
2,20,21
2,20,22
2,20,23
2,20,24
2,20,25
2,20,26
2,20,27
2,20,28
2,20,29
2,20,30
2,21,0
2,21,1
2,21,2
2,21,3
2,21,4
2,21,5
2,21,6
2,21,7
2,21,8
2,21,9
2,21,10
2,21,11
2,21,12
2,21,13
2,21,14
2,21,15
2,21,16
2,21,17
2,21,18
2,21,19
2,21,20
2,21,21
2,21,22
2,22,0
2,22,1
2,22,2
2,22,3
2,22,4
2,22,5
2,22,6
2,22,7
2,22,8
2,22,9
2,22,10
3,0,74
3,0,75
3,0,76
3,0,77
3,0,78
3,0,79
3,0,80
3,1,72
3,1,73
3,1,74
3,1,75
3,1,76
3,1,77
3,1,78
3,1,79
3,2,70
3,2,71
3,2,72
3,2,73
3,2,74
3,2,75
3,2,76
3,2,77
3,3,68
3,3,69
3,3,70
3,3,71
3,3,72
3,3,73
3,3,74
3,3,75
3,3,76
3,4,66
3,4,67
3,4,68
3,4,69
3,4,70
3,4,71
3,4,72
3,4,73
3,4,74
3,5,65
3,5,66
3,5,67
3,5,68
3,5,69
3,5,70
3,5,71
3,5,72
3,6,63
3,6,64
3,6,65
3,6,66
3,6,67
3,6,68
3,6,69
3,6,70
3,6,71
3,7,61
3,7,62
3,7,63
3,7,64
3,7,65
3,7,66
3,7,67
3,7,68
3,7,69
3,8,58
3,8,59
3,8,60
3,8,61
3,8,62
3,8,63
3,8,64
3,8,65
3,8,66
3,8,67
3,9,56
3,9,57
3,9,58
3,9,59
3,9,60
3,9,61
3,9,62
3,9,63
3,9,64
3,9,65
3,9,66
3,10,54
3,10,55
3,10,56
3,10,57
3,10,58
3,10,59
3,10,60
3,10,61
3,10,62
3,10,63
3,10,64
3,11,52
3,11,53
3,11,54
3,11,55
3,11,56
3,11,57
3,11,58
3,11,59
3,11,60
3,11,61
3,11,62
3,12,49
3,12,50
3,12,51
3,12,52
3,12,53
3,12,54
3,12,55
3,12,56
3,12,57
3,12,58
3,12,59
3,12,60
3,13,46
3,13,47
3,13,48
3,13,49
3,13,50
3,13,51
3,13,52
3,13,53
3,13,54
3,13,55
3,13,56
3,13,57
3,14,42
3,14,43
3,14,44
3,14,45
3,14,46
3,14,47
3,14,48
3,14,49
3,14,50
3,14,51
3,14,52
3,14,53
3,14,54
3,15,38
3,15,39
3,15,40
3,15,41
3,15,42
3,15,43
3,15,44
3,15,45
3,15,46
3,15,47
3,15,48
3,15,49
3,15,50
3,15,51
3,16,33
3,16,34
3,16,35
3,16,36
3,16,37
3,16,38
3,16,39
3,16,40
3,16,41
3,16,42
3,16,43
3,16,44
3,16,45
3,16,46
3,16,47
3,16,48
3,17,27
3,17,28
3,17,29
3,17,30
3,17,31
3,17,32
3,17,33
3,17,34
3,17,35
3,17,36
3,17,37
3,17,38
3,17,39
3,17,40
3,17,41
3,17,42
3,17,43
3,17,44
3,18,19
3,18,20
3,18,21
3,18,22
3,18,23
3,18,24
3,18,25
3,18,26
3,18,27
3,18,28
3,18,29
3,18,30
3,18,31
3,18,32
3,18,33
3,18,34
3,18,35
3,18,36
3,18,37
3,18,38
3,18,39
3,18,40
3,19,6
3,19,7
3,19,8
3,19,9
3,19,10
3,19,11
3,19,12
3,19,13
3,19,14
3,19,15
3,19,16
3,19,17
3,19,18
3,19,19
3,19,20
3,19,21
3,19,22
3,19,23
3,19,24
3,19,25
3,19,26
3,19,27
3,19,28
3,19,29
3,19,30
3,19,31
3,19,32
3,19,33
3,19,34
3,19,35
3,20,0
3,20,1
3,20,2
3,20,3
3,20,4
3,20,5
3,20,6
3,20,7
3,20,8
3,20,9
3,20,10
3,20,11
3,20,12
3,20,13
3,20,14
3,20,15
3,20,16
3,20,17
3,20,18
3,20,19
3,20,20
3,20,21
3,20,22
3,20,23
3,20,24
3,20,25
3,20,26
3,20,27
3,20,28
3,20,29
3,21,0
3,21,1
3,21,2
3,21,3
3,21,4
3,21,5
3,21,6
3,21,7
3,21,8
3,21,9
3,21,10
3,21,11
3,21,12
3,21,13
3,21,14
3,21,15
3,21,16
3,21,17
3,21,18
3,21,19
3,21,20
3,22,0
3,22,1
3,22,2
3,22,3
3,22,4
3,22,5
3,22,6
3,22,7
4,0,74
4,0,75
4,0,76
4,0,77
4,0,78
4,0,79
4,0,80
4,1,71
4,1,72
4,1,73
4,1,74
4,1,75
4,1,76
4,1,77
4,1,78
4,2,69
4,2,70
4,2,71
4,2,72
4,2,73
4,2,74
4,2,75
4,2,76
4,2,77
4,3,68
4,3,69
4,3,70
4,3,71
4,3,72
4,3,73
4,3,74
4,3,75
4,4,66
4,4,67
4,4,68
4,4,69
4,4,70
4,4,71
4,4,72
4,4,73
4,4,74
4,5,64
4,5,65
4,5,66
4,5,67
4,5,68
4,5,69
4,5,70
4,5,71
4,5,72
4,6,62
4,6,63
4,6,64
4,6,65
4,6,66
4,6,67
4,6,68
4,6,69
4,6,70
4,7,60
4,7,61
4,7,62
4,7,63
4,7,64
4,7,65
4,7,66
4,7,67
4,7,68
4,7,69
4,8,58
4,8,59
4,8,60
4,8,61
4,8,62
4,8,63
4,8,64
4,8,65
4,8,66
4,8,67
4,9,56
4,9,57
4,9,58
4,9,59
4,9,60
4,9,61
4,9,62
4,9,63
4,9,64
4,9,65
4,10,53
4,10,54
4,10,55
4,10,56
4,10,57
4,10,58
4,10,59
4,10,60
4,10,61
4,10,62
4,10,63
4,11,51
4,11,52
4,11,53
4,11,54
4,11,55
4,11,56
4,11,57
4,11,58
4,11,59
4,11,60
4,11,61
4,12,48
4,12,49
4,12,50
4,12,51
4,12,52
4,12,53
4,12,54
4,12,55
4,12,56
4,12,57
4,12,58
4,12,59
4,13,45
4,13,46
4,13,47
4,13,48
4,13,49
4,13,50
4,13,51
4,13,52
4,13,53
4,13,54
4,13,55
4,13,56
4,14,41
4,14,42
4,14,43
4,14,44
4,14,45
4,14,46
4,14,47
4,14,48
4,14,49
4,14,50
4,14,51
4,14,52
4,14,53
4,14,54
4,15,37
4,15,38
4,15,39
4,15,40
4,15,41
4,15,42
4,15,43
4,15,44
4,15,45
4,15,46
4,15,47
4,15,48
4,15,49
4,15,50
4,15,51
4,16,32
4,16,33
4,16,34
4,16,35
4,16,36
4,16,37
4,16,38
4,16,39
4,16,40
4,16,41
4,16,42
4,16,43
4,16,44
4,16,45
4,16,46
4,16,47
4,17,26
4,17,27
4,17,28
4,17,29
4,17,30
4,17,31
4,17,32
4,17,33
4,17,34
4,17,35
4,17,36
4,17,37
4,17,38
4,17,39
4,17,40
4,17,41
4,17,42
4,17,43
4,17,44
4,18,17
4,18,18
4,18,19
4,18,20
4,18,21
4,18,22
4,18,23
4,18,24
4,18,25
4,18,26
4,18,27
4,18,28
4,18,29
4,18,30
4,18,31
4,18,32
4,18,33
4,18,34
4,18,35
4,18,36
4,18,37
4,18,38
4,18,39
4,19,4
4,19,5
4,19,6
4,19,7
4,19,8
4,19,9
4,19,10
4,19,11
4,19,12
4,19,13
4,19,14
4,19,15
4,19,16
4,19,17
4,19,18
4,19,19
4,19,20
4,19,21
4,19,22
4,19,23
4,19,24
4,19,25
4,19,26
4,19,27
4,19,28
4,19,29
4,19,30
4,19,31
4,19,32
4,19,33
4,19,34
4,20,0
4,20,1
4,20,2
4,20,3
4,20,4
4,20,5
4,20,6
4,20,7
4,20,8
4,20,9
4,20,10
4,20,11
4,20,12
4,20,13
4,20,14
4,20,15
4,20,16
4,20,17
4,20,18
4,20,19
4,20,20
4,20,21
4,20,22
4,20,23
4,20,24
4,20,25
4,20,26
4,20,27
4,21,0
4,21,1
4,21,2
4,21,3
4,21,4
4,21,5
4,21,6
4,21,7
4,21,8
4,21,9
4,21,10
4,21,11
4,21,12
4,21,13
4,21,14
4,21,15
4,21,16
4,21,17
4,21,18
4,22,0
4,22,1
4,22,2
4,22,3
4,22,4
5,0,73
5,0,74
5,0,75
5,0,76
5,0,77
5,0,78
5,0,79
5,1,71
5,1,72
5,1,73
5,1,74
5,1,75
5,1,76
5,1,77
5,1,78
5,2,69
5,2,70
5,2,71
5,2,72
5,2,73
5,2,74
5,2,75
5,2,76
5,3,67
5,3,68
5,3,69
5,3,70
5,3,71
5,3,72
5,3,73
5,3,74
5,3,75
5,4,65
5,4,66
5,4,67
5,4,68
5,4,69
5,4,70
5,4,71
5,4,72
5,4,73
5,5,63
5,5,64
5,5,65
5,5,66
5,5,67
5,5,68
5,5,69
5,5,70
5,5,71
5,5,72
5,6,61
5,6,62
5,6,63
5,6,64
5,6,65
5,6,66
5,6,67
5,6,68
5,6,69
5,6,70
5,7,59
5,7,60
5,7,61
5,7,62
5,7,63
5,7,64
5,7,65
5,7,66
5,7,67
5,7,68
5,8,57
5,8,58
5,8,59
5,8,60
5,8,61
5,8,62
5,8,63
5,8,64
5,8,65
5,8,66
5,9,55
5,9,56
5,9,57
5,9,58
5,9,59
5,9,60
5,9,61
5,9,62
5,9,63
5,9,64
5,10,53
5,10,54
5,10,55
5,10,56
5,10,57
5,10,58
5,10,59
5,10,60
5,10,61
5,10,62
5,10,63
5,11,50
5,11,51
5,11,52
5,11,53
5,11,54
5,11,55
5,11,56
5,11,57
5,11,58
5,11,59
5,11,60
5,11,61
5,12,47
5,12,48
5,12,49
5,12,50
5,12,51
5,12,52
5,12,53
5,12,54
5,12,55
5,12,56
5,12,57
5,12,58
5,13,44
5,13,45
5,13,46
5,13,47
5,13,48
5,13,49
5,13,50
5,13,51
5,13,52
5,13,53
5,13,54
5,13,55
5,13,56
5,14,40
5,14,41
5,14,42
5,14,43
5,14,44
5,14,45
5,14,46
5,14,47
5,14,48
5,14,49
5,14,50
5,14,51
5,14,52
5,14,53
5,15,36
5,15,37
5,15,38
5,15,39
5,15,40
5,15,41
5,15,42
5,15,43
5,15,44
5,15,45
5,15,46
5,15,47
5,15,48
5,15,49
5,15,50
5,16,31
5,16,32
5,16,33
5,16,34
5,16,35
5,16,36
5,16,37
5,16,38
5,16,39
5,16,40
5,16,41
5,16,42
5,16,43
5,16,44
5,16,45
5,16,46
5,16,47
5,17,24
5,17,25
5,17,26
5,17,27
5,17,28
5,17,29
5,17,30
5,17,31
5,17,32
5,17,33
5,17,34
5,17,35
5,17,36
5,17,37
5,17,38
5,17,39
5,17,40
5,17,41
5,17,42
5,17,43
5,18,15
5,18,16
5,18,17
5,18,18
5,18,19
5,18,20
5,18,21
5,18,22
5,18,23
5,18,24
5,18,25
5,18,26
5,18,27
5,18,28
5,18,29
5,18,30
5,18,31
5,18,32
5,18,33
5,18,34
5,18,35
5,18,36
5,18,37
5,18,38
5,19,1
5,19,2
5,19,3
5,19,4
5,19,5
5,19,6
5,19,7
5,19,8
5,19,9
5,19,10
5,19,11
5,19,12
5,19,13
5,19,14
5,19,15
5,19,16
5,19,17
5,19,18
5,19,19
5,19,20
5,19,21
5,19,22
5,19,23
5,19,24
5,19,25
5,19,26
5,19,27
5,19,28
5,19,29
5,19,30
5,19,31
5,19,32
5,19,33
5,20,0
5,20,1
5,20,2
5,20,3
5,20,4
5,20,5
5,20,6
5,20,7
5,20,8
5,20,9
5,20,10
5,20,11
5,20,12
5,20,13
5,20,14
5,20,15
5,20,16
5,20,17
5,20,18
5,20,19
5,20,20
5,20,21
5,20,22
5,20,23
5,20,24
5,20,25
5,20,26
5,21,0
5,21,1
5,21,2
5,21,3
5,21,4
5,21,5
5,21,6
5,21,7
5,21,8
5,21,9
5,21,10
5,21,11
5,21,12
5,21,13
5,21,14
5,21,15
5,21,16
5,22,0
5,22,1
6,0,73
6,0,74
6,0,75
6,0,76
6,0,77
6,0,78
6,0,79
6,1,70
6,1,71
6,1,72
6,1,73
6,1,74
6,1,75
6,1,76
6,1,77
6,2,68
6,2,69
6,2,70
6,2,71
6,2,72
6,2,73
6,2,74
6,2,75
6,2,76
6,3,67
6,3,68
6,3,69
6,3,70
6,3,71
6,3,72
6,3,73
6,3,74
6,4,65
6,4,66
6,4,67
6,4,68
6,4,69
6,4,70
6,4,71
6,4,72
6,4,73
6,5,63
6,5,64
6,5,65
6,5,66
6,5,67
6,5,68
6,5,69
6,5,70
6,5,71
6,6,61
6,6,62
6,6,63
6,6,64
6,6,65
6,6,66
6,6,67
6,6,68
6,6,69
6,7,59
6,7,60
6,7,61
6,7,62
6,7,63
6,7,64
6,7,65
6,7,66
6,7,67
6,7,68
6,8,57
6,8,58
6,8,59
6,8,60
6,8,61
6,8,62
6,8,63
6,8,64
6,8,65
6,8,66
6,9,54
6,9,55
6,9,56
6,9,57
6,9,58
6,9,59
6,9,60
6,9,61
6,9,62
6,9,63
6,9,64
6,10,52
6,10,53
6,10,54
6,10,55
6,10,56
6,10,57
6,10,58
6,10,59
6,10,60
6,10,61
6,10,62
6,11,49
6,11,50
6,11,51
6,11,52
6,11,53
6,11,54
6,11,55
6,11,56
6,11,57
6,11,58
6,11,59
6,11,60
6,12,46
6,12,47
6,12,48
6,12,49
6,12,50
6,12,51
6,12,52
6,12,53
6,12,54
6,12,55
6,12,56
6,12,57
6,12,58
6,13,43
6,13,44
6,13,45
6,13,46
6,13,47
6,13,48
6,13,49
6,13,50
6,13,51
6,13,52
6,13,53
6,13,54
6,13,55
6,14,39
6,14,40
6,14,41
6,14,42
6,14,43
6,14,44
6,14,45
6,14,46
6,14,47
6,14,48
6,14,49
6,14,50
6,14,51
6,14,52
6,15,35
6,15,36
6,15,37
6,15,38
6,15,39
6,15,40
6,15,41
6,15,42
6,15,43
6,15,44
6,15,45
6,15,46
6,15,47
6,15,48
6,15,49
6,16,30
6,16,31
6,16,32
6,16,33
6,16,34
6,16,35
6,16,36
6,16,37
6,16,38
6,16,39
6,16,40
6,16,41
6,16,42
6,16,43
6,16,44
6,16,45
6,16,46
6,17,23
6,17,24
6,17,25
6,17,26
6,17,27
6,17,28
6,17,29
6,17,30
6,17,31
6,17,32
6,17,33
6,17,34
6,17,35
6,17,36
6,17,37
6,17,38
6,17,39
6,17,40
6,17,41
6,17,42
6,18,13
6,18,14
6,18,15
6,18,16
6,18,17
6,18,18
6,18,19
6,18,20
6,18,21
6,18,22
6,18,23
6,18,24
6,18,25
6,18,26
6,18,27
6,18,28
6,18,29
6,18,30
6,18,31
6,18,32
6,18,33
6,18,34
6,18,35
6,18,36
6,18,37
6,19,0
6,19,1
6,19,2
6,19,3
6,19,4
6,19,5
6,19,6
6,19,7
6,19,8
6,19,9
6,19,10
6,19,11
6,19,12
6,19,13
6,19,14
6,19,15
6,19,16
6,19,17
6,19,18
6,19,19
6,19,20
6,19,21
6,19,22
6,19,23
6,19,24
6,19,25
6,19,26
6,19,27
6,19,28
6,19,29
6,19,30
6,19,31
6,19,32
6,20,0
6,20,1
6,20,2
6,20,3
6,20,4
6,20,5
6,20,6
6,20,7
6,20,8
6,20,9
6,20,10
6,20,11
6,20,12
6,20,13
6,20,14
6,20,15
6,20,16
6,20,17
6,20,18
6,20,19
6,20,20
6,20,21
6,20,22
6,20,23
6,20,24
6,21,0
6,21,1
6,21,2
6,21,3
6,21,4
6,21,5
6,21,6
6,21,7
6,21,8
6,21,9
6,21,10
6,21,11
6,21,12
6,21,13
6,21,14
7,0,72
7,0,73
7,0,74
7,0,75
7,0,76
7,0,77
7,0,78
7,1,70
7,1,71
7,1,72
7,1,73
7,1,74
7,1,75
7,1,76
7,1,77
7,2,68
7,2,69
7,2,70
7,2,71
7,2,72
7,2,73
7,2,74
7,2,75
7,3,66
7,3,67
7,3,68
7,3,69
7,3,70
7,3,71
7,3,72
7,3,73
7,3,74
7,4,64
7,4,65
7,4,66
7,4,67
7,4,68
7,4,69
7,4,70
7,4,71
7,4,72
7,5,62
7,5,63
7,5,64
7,5,65
7,5,66
7,5,67
7,5,68
7,5,69
7,5,70
7,5,71
7,6,60
7,6,61
7,6,62
7,6,63
7,6,64
7,6,65
7,6,66
7,6,67
7,6,68
7,6,69
7,7,58
7,7,59
7,7,60
7,7,61
7,7,62
7,7,63
7,7,64
7,7,65
7,7,66
7,7,67
7,8,56
7,8,57
7,8,58
7,8,59
7,8,60
7,8,61
7,8,62
7,8,63
7,8,64
7,8,65
7,9,54
7,9,55
7,9,56
7,9,57
7,9,58
7,9,59
7,9,60
7,9,61
7,9,62
7,9,63
7,10,51
7,10,52
7,10,53
7,10,54
7,10,55
7,10,56
7,10,57
7,10,58
7,10,59
7,10,60
7,10,61
7,11,49
7,11,50
7,11,51
7,11,52
7,11,53
7,11,54
7,11,55
7,11,56
7,11,57
7,11,58
7,11,59
7,12,46
7,12,47
7,12,48
7,12,49
7,12,50
7,12,51
7,12,52
7,12,53
7,12,54
7,12,55
7,12,56
7,12,57
7,13,42
7,13,43
7,13,44
7,13,45
7,13,46
7,13,47
7,13,48
7,13,49
7,13,50
7,13,51
7,13,52
7,13,53
7,13,54
7,13,55
7,14,38
7,14,39
7,14,40
7,14,41
7,14,42
7,14,43
7,14,44
7,14,45
7,14,46
7,14,47
7,14,48
7,14,49
7,14,50
7,14,51
7,14,52
7,15,34
7,15,35
7,15,36
7,15,37
7,15,38
7,15,39
7,15,40
7,15,41
7,15,42
7,15,43
7,15,44
7,15,45
7,15,46
7,15,47
7,15,48
7,15,49
7,16,28
7,16,29
7,16,30
7,16,31
7,16,32
7,16,33
7,16,34
7,16,35
7,16,36
7,16,37
7,16,38
7,16,39
7,16,40
7,16,41
7,16,42
7,16,43
7,16,44
7,16,45
7,17,21
7,17,22
7,17,23
7,17,24
7,17,25
7,17,26
7,17,27
7,17,28
7,17,29
7,17,30
7,17,31
7,17,32
7,17,33
7,17,34
7,17,35
7,17,36
7,17,37
7,17,38
7,17,39
7,17,40
7,17,41
7,18,10
7,18,11
7,18,12
7,18,13
7,18,14
7,18,15
7,18,16
7,18,17
7,18,18
7,18,19
7,18,20
7,18,21
7,18,22
7,18,23
7,18,24
7,18,25
7,18,26
7,18,27
7,18,28
7,18,29
7,18,30
7,18,31
7,18,32
7,18,33
7,18,34
7,18,35
7,18,36
7,19,0
7,19,1
7,19,2
7,19,3
7,19,4
7,19,5
7,19,6
7,19,7
7,19,8
7,19,9
7,19,10
7,19,11
7,19,12
7,19,13
7,19,14
7,19,15
7,19,16
7,19,17
7,19,18
7,19,19
7,19,20
7,19,21
7,19,22
7,19,23
7,19,24
7,19,25
7,19,26
7,19,27
7,19,28
7,19,29
7,19,30
7,20,0
7,20,1
7,20,2
7,20,3
7,20,4
7,20,5
7,20,6
7,20,7
7,20,8
7,20,9
7,20,10
7,20,11
7,20,12
7,20,13
7,20,14
7,20,15
7,20,16
7,20,17
7,20,18
7,20,19
7,20,20
7,20,21
7,20,22
7,20,23
7,21,0
7,21,1
7,21,2
7,21,3
7,21,4
7,21,5
7,21,6
7,21,7
7,21,8
7,21,9
7,21,10
7,21,11
7,21,12
8,0,72
8,0,73
8,0,74
8,0,75
8,0,76
8,0,77
8,0,78
8,1,69
8,1,70
8,1,71
8,1,72
8,1,73
8,1,74
8,1,75
8,1,76
8,2,67
8,2,68
8,2,69
8,2,70
8,2,71
8,2,72
8,2,73
8,2,74
8,2,75
8,3,65
8,3,66
8,3,67
8,3,68
8,3,69
8,3,70
8,3,71
8,3,72
8,3,73
8,4,64
8,4,65
8,4,66
8,4,67
8,4,68
8,4,69
8,4,70
8,4,71
8,4,72
8,5,62
8,5,63
8,5,64
8,5,65
8,5,66
8,5,67
8,5,68
8,5,69
8,5,70
8,6,60
8,6,61
8,6,62
8,6,63
8,6,64
8,6,65
8,6,66
8,6,67
8,6,68
8,7,57
8,7,58
8,7,59
8,7,60
8,7,61
8,7,62
8,7,63
8,7,64
8,7,65
8,7,66
8,7,67
8,8,55
8,8,56
8,8,57
8,8,58
8,8,59
8,8,60
8,8,61
8,8,62
8,8,63
8,8,64
8,8,65
8,9,53
8,9,54
8,9,55
8,9,56
8,9,57
8,9,58
8,9,59
8,9,60
8,9,61
8,9,62
8,9,63
8,10,50
8,10,51
8,10,52
8,10,53
8,10,54
8,10,55
8,10,56
8,10,57
8,10,58
8,10,59
8,10,60
8,10,61
8,11,48
8,11,49
8,11,50
8,11,51
8,11,52
8,11,53
8,11,54
8,11,55
8,11,56
8,11,57
8,11,58
8,11,59
8,12,45
8,12,46
8,12,47
8,12,48
8,12,49
8,12,50
8,12,51
8,12,52
8,12,53
8,12,54
8,12,55
8,12,56
8,13,41
8,13,42
8,13,43
8,13,44
8,13,45
8,13,46
8,13,47
8,13,48
8,13,49
8,13,50
8,13,51
8,13,52
8,13,53
8,13,54
8,14,37
8,14,38
8,14,39
8,14,40
8,14,41
8,14,42
8,14,43
8,14,44
8,14,45
8,14,46
8,14,47
8,14,48
8,14,49
8,14,50
8,14,51
8,15,33
8,15,34
8,15,35
8,15,36
8,15,37
8,15,38
8,15,39
8,15,40
8,15,41
8,15,42
8,15,43
8,15,44
8,15,45
8,15,46
8,15,47
8,15,48
8,16,27
8,16,28
8,16,29
8,16,30
8,16,31
8,16,32
8,16,33
8,16,34
8,16,35
8,16,36
8,16,37
8,16,38
8,16,39
8,16,40
8,16,41
8,16,42
8,16,43
8,16,44
8,17,19
8,17,20
8,17,21
8,17,22
8,17,23
8,17,24
8,17,25
8,17,26
8,17,27
8,17,28
8,17,29
8,17,30
8,17,31
8,17,32
8,17,33
8,17,34
8,17,35
8,17,36
8,17,37
8,17,38
8,17,39
8,17,40
8,18,7
8,18,8
8,18,9
8,18,10
8,18,11
8,18,12
8,18,13
8,18,14
8,18,15
8,18,16
8,18,17
8,18,18
8,18,19
8,18,20
8,18,21
8,18,22
8,18,23
8,18,24
8,18,25
8,18,26
8,18,27
8,18,28
8,18,29
8,18,30
8,18,31
8,18,32
8,18,33
8,18,34
8,18,35
8,19,0
8,19,1
8,19,2
8,19,3
8,19,4
8,19,5
8,19,6
8,19,7
8,19,8
8,19,9
8,19,10
8,19,11
8,19,12
8,19,13
8,19,14
8,19,15
8,19,16
8,19,17
8,19,18
8,19,19
8,19,20
8,19,21
8,19,22
8,19,23
8,19,24
8,19,25
8,19,26
8,19,27
8,19,28
8,19,29
8,20,0
8,20,1
8,20,2
8,20,3
8,20,4
8,20,5
8,20,6
8,20,7
8,20,8
8,20,9
8,20,10
8,20,11
8,20,12
8,20,13
8,20,14
8,20,15
8,20,16
8,20,17
8,20,18
8,20,19
8,20,20
8,20,21
8,21,0
8,21,1
8,21,2
8,21,3
8,21,4
8,21,5
8,21,6
8,21,7
8,21,8
8,21,9
9,0,71
9,0,72
9,0,73
9,0,74
9,0,75
9,0,76
9,0,77
9,0,78
9,1,69
9,1,70
9,1,71
9,1,72
9,1,73
9,1,74
9,1,75
9,1,76
9,2,67
9,2,68
9,2,69
9,2,70
9,2,71
9,2,72
9,2,73
9,2,74
9,3,65
9,3,66
9,3,67
9,3,68
9,3,69
9,3,70
9,3,71
9,3,72
9,3,73
9,4,63
9,4,64
9,4,65
9,4,66
9,4,67
9,4,68
9,4,69
9,4,70
9,4,71
9,5,61
9,5,62
9,5,63
9,5,64
9,5,65
9,5,66
9,5,67
9,5,68
9,5,69
9,5,70
9,6,59
9,6,60
9,6,61
9,6,62
9,6,63
9,6,64
9,6,65
9,6,66
9,6,67
9,6,68
9,7,57
9,7,58
9,7,59
9,7,60
9,7,61
9,7,62
9,7,63
9,7,64
9,7,65
9,7,66
9,8,55
9,8,56
9,8,57
9,8,58
9,8,59
9,8,60
9,8,61
9,8,62
9,8,63
9,8,64
9,9,52
9,9,53
9,9,54
9,9,55
9,9,56
9,9,57
9,9,58
9,9,59
9,9,60
9,9,61
9,9,62
9,10,50
9,10,51
9,10,52
9,10,53
9,10,54
9,10,55
9,10,56
9,10,57
9,10,58
9,10,59
9,10,60
9,11,47
9,11,48
9,11,49
9,11,50
9,11,51
9,11,52
9,11,53
9,11,54
9,11,55
9,11,56
9,11,57
9,11,58
9,12,44
9,12,45
9,12,46
9,12,47
9,12,48
9,12,49
9,12,50
9,12,51
9,12,52
9,12,53
9,12,54
9,12,55
9,12,56
9,13,40
9,13,41
9,13,42
9,13,43
9,13,44
9,13,45
9,13,46
9,13,47
9,13,48
9,13,49
9,13,50
9,13,51
9,13,52
9,13,53
9,14,36
9,14,37
9,14,38
9,14,39
9,14,40
9,14,41
9,14,42
9,14,43
9,14,44
9,14,45
9,14,46
9,14,47
9,14,48
9,14,49
9,14,50
9,15,31
9,15,32
9,15,33
9,15,34
9,15,35
9,15,36
9,15,37
9,15,38
9,15,39
9,15,40
9,15,41
9,15,42
9,15,43
9,15,44
9,15,45
9,15,46
9,15,47
9,16,25
9,16,26
9,16,27
9,16,28
9,16,29
9,16,30
9,16,31
9,16,32
9,16,33
9,16,34
9,16,35
9,16,36
9,16,37
9,16,38
9,16,39
9,16,40
9,16,41
9,16,42
9,16,43
9,17,17
9,17,18
9,17,19
9,17,20
9,17,21
9,17,22
9,17,23
9,17,24
9,17,25
9,17,26
9,17,27
9,17,28
9,17,29
9,17,30
9,17,31
9,17,32
9,17,33
9,17,34
9,17,35
9,17,36
9,17,37
9,17,38
9,17,39
9,18,4
9,18,5
9,18,6
9,18,7
9,18,8
9,18,9
9,18,10
9,18,11
9,18,12
9,18,13
9,18,14
9,18,15
9,18,16
9,18,17
9,18,18
9,18,19
9,18,20
9,18,21
9,18,22
9,18,23
9,18,24
9,18,25
9,18,26
9,18,27
9,18,28
9,18,29
9,18,30
9,18,31
9,18,32
9,18,33
9,18,34
9,19,0
9,19,1
9,19,2
9,19,3
9,19,4
9,19,5
9,19,6
9,19,7
9,19,8
9,19,9
9,19,10
9,19,11
9,19,12
9,19,13
9,19,14
9,19,15
9,19,16
9,19,17
9,19,18
9,19,19
9,19,20
9,19,21
9,19,22
9,19,23
9,19,24
9,19,25
9,19,26
9,19,27
9,19,28
9,20,0
9,20,1
9,20,2
9,20,3
9,20,4
9,20,5
9,20,6
9,20,7
9,20,8
9,20,9
9,20,10
9,20,11
9,20,12
9,20,13
9,20,14
9,20,15
9,20,16
9,20,17
9,20,18
9,20,19
9,21,0
9,21,1
9,21,2
9,21,3
9,21,4
9,21,5
9,21,6
10,0,71
10,0,72
10,0,73
10,0,74
10,0,75
10,0,76
10,0,77
10,1,68
10,1,69
10,1,70
10,1,71
10,1,72
10,1,73
10,1,74
10,1,75
10,1,76
10,2,66
10,2,67
10,2,68
10,2,69
10,2,70
10,2,71
10,2,72
10,2,73
10,2,74
10,3,64
10,3,65
10,3,66
10,3,67
10,3,68
10,3,69
10,3,70
10,3,71
10,3,72
10,4,62
10,4,63
10,4,64
10,4,65
10,4,66
10,4,67
10,4,68
10,4,69
10,4,70
10,4,71
10,5,60
10,5,61
10,5,62
10,5,63
10,5,64
10,5,65
10,5,66
10,5,67
10,5,68
10,5,69
10,6,58
10,6,59
10,6,60
10,6,61
10,6,62
10,6,63
10,6,64
10,6,65
10,6,66
10,6,67
10,7,56
10,7,57
10,7,58
10,7,59
10,7,60
10,7,61
10,7,62
10,7,63
10,7,64
10,7,65
10,8,54
10,8,55
10,8,56
10,8,57
10,8,58
10,8,59
10,8,60
10,8,61
10,8,62
10,8,63
10,8,64
10,9,51
10,9,52
10,9,53
10,9,54
10,9,55
10,9,56
10,9,57
10,9,58
10,9,59
10,9,60
10,9,61
10,9,62
10,10,49
10,10,50
10,10,51
10,10,52
10,10,53
10,10,54
10,10,55
10,10,56
10,10,57
10,10,58
10,10,59
10,10,60
10,11,46
10,11,47
10,11,48
10,11,49
10,11,50
10,11,51
10,11,52
10,11,53
10,11,54
10,11,55
10,11,56
10,11,57
10,12,43
10,12,44
10,12,45
10,12,46
10,12,47
10,12,48
10,12,49
10,12,50
10,12,51
10,12,52
10,12,53
10,12,54
10,12,55
10,13,39
10,13,40
10,13,41
10,13,42
10,13,43
10,13,44
10,13,45
10,13,46
10,13,47
10,13,48
10,13,49
10,13,50
10,13,51
10,13,52
10,14,35
10,14,36
10,14,37
10,14,38
10,14,39
10,14,40
10,14,41
10,14,42
10,14,43
10,14,44
10,14,45
10,14,46
10,14,47
10,14,48
10,14,49
10,15,30
10,15,31
10,15,32
10,15,33
10,15,34
10,15,35
10,15,36
10,15,37
10,15,38
10,15,39
10,15,40
10,15,41
10,15,42
10,15,43
10,15,44
10,15,45
10,15,46
10,16,24
10,16,25
10,16,26
10,16,27
10,16,28
10,16,29
10,16,30
10,16,31
10,16,32
10,16,33
10,16,34
10,16,35
10,16,36
10,16,37
10,16,38
10,16,39
10,16,40
10,16,41
10,16,42
10,17,15
10,17,16
10,17,17
10,17,18
10,17,19
10,17,20
10,17,21
10,17,22
10,17,23
10,17,24
10,17,25
10,17,26
10,17,27
10,17,28
10,17,29
10,17,30
10,17,31
10,17,32
10,17,33
10,17,34
10,17,35
10,17,36
10,17,37
10,17,38
10,18,1
10,18,2
10,18,3
10,18,4
10,18,5
10,18,6
10,18,7
10,18,8
10,18,9
10,18,10
10,18,11
10,18,12
10,18,13
10,18,14
10,18,15
10,18,16
10,18,17
10,18,18
10,18,19
10,18,20
10,18,21
10,18,22
10,18,23
10,18,24
10,18,25
10,18,26
10,18,27
10,18,28
10,18,29
10,18,30
10,18,31
10,18,32
10,18,33
10,19,0
10,19,1
10,19,2
10,19,3
10,19,4
10,19,5
10,19,6
10,19,7
10,19,8
10,19,9
10,19,10
10,19,11
10,19,12
10,19,13
10,19,14
10,19,15
10,19,16
10,19,17
10,19,18
10,19,19
10,19,20
10,19,21
10,19,22
10,19,23
10,19,24
10,19,25
10,19,26
10,20,0
10,20,1
10,20,2
10,20,3
10,20,4
10,20,5
10,20,6
10,20,7
10,20,8
10,20,9
10,20,10
10,20,11
10,20,12
10,20,13
10,20,14
10,20,15
10,20,16
10,20,17
10,20,18
10,21,0
10,21,1
10,21,2
10,21,3
11,0,70
11,0,71
11,0,72
11,0,73
11,0,74
11,0,75
11,0,76
11,0,77
11,1,68
11,1,69
11,1,70
11,1,71
11,1,72
11,1,73
11,1,74
11,1,75
11,2,66
11,2,67
11,2,68
11,2,69
11,2,70
11,2,71
11,2,72
11,2,73
11,3,64
11,3,65
11,3,66
11,3,67
11,3,68
11,3,69
11,3,70
11,3,71
11,3,72
11,4,62
11,4,63
11,4,64
11,4,65
11,4,66
11,4,67
11,4,68
11,4,69
11,4,70
11,5,60
11,5,61
11,5,62
11,5,63
11,5,64
11,5,65
11,5,66
11,5,67
11,5,68
11,6,58
11,6,59
11,6,60
11,6,61
11,6,62
11,6,63
11,6,64
11,6,65
11,6,66
11,6,67
11,7,55
11,7,56
11,7,57
11,7,58
11,7,59
11,7,60
11,7,61
11,7,62
11,7,63
11,7,64
11,7,65
11,8,53
11,8,54
11,8,55
11,8,56
11,8,57
11,8,58
11,8,59
11,8,60
11,8,61
11,8,62
11,8,63
11,9,51
11,9,52
11,9,53
11,9,54
11,9,55
11,9,56
11,9,57
11,9,58
11,9,59
11,9,60
11,9,61
11,10,48
11,10,49
11,10,50
11,10,51
11,10,52
11,10,53
11,10,54
11,10,55
11,10,56
11,10,57
11,10,58
11,10,59
11,11,45
11,11,46
11,11,47
11,11,48
11,11,49
11,11,50
11,11,51
11,11,52
11,11,53
11,11,54
11,11,55
11,11,56
11,11,57
11,12,42
11,12,43
11,12,44
11,12,45
11,12,46
11,12,47
11,12,48
11,12,49
11,12,50
11,12,51
11,12,52
11,12,53
11,12,54
11,13,38
11,13,39
11,13,40
11,13,41
11,13,42
11,13,43
11,13,44
11,13,45
11,13,46
11,13,47
11,13,48
11,13,49
11,13,50
11,13,51
11,13,52
11,14,34
11,14,35
11,14,36
11,14,37
11,14,38
11,14,39
11,14,40
11,14,41
11,14,42
11,14,43
11,14,44
11,14,45
11,14,46
11,14,47
11,14,48
11,14,49
11,15,29
11,15,30
11,15,31
11,15,32
11,15,33
11,15,34
11,15,35
11,15,36
11,15,37
11,15,38
11,15,39
11,15,40
11,15,41
11,15,42
11,15,43
11,15,44
11,15,45
11,16,22
11,16,23
11,16,24
11,16,25
11,16,26
11,16,27
11,16,28
11,16,29
11,16,30
11,16,31
11,16,32
11,16,33
11,16,34
11,16,35
11,16,36
11,16,37
11,16,38
11,16,39
11,16,40
11,16,41
11,17,12
11,17,13
11,17,14
11,17,15
11,17,16
11,17,17
11,17,18
11,17,19
11,17,20
11,17,21
11,17,22
11,17,23
11,17,24
11,17,25
11,17,26
11,17,27
11,17,28
11,17,29
11,17,30
11,17,31
11,17,32
11,17,33
11,17,34
11,17,35
11,17,36
11,17,37
11,18,0
11,18,1
11,18,2
11,18,3
11,18,4
11,18,5
11,18,6
11,18,7
11,18,8
11,18,9
11,18,10
11,18,11
11,18,12
11,18,13
11,18,14
11,18,15
11,18,16
11,18,17
11,18,18
11,18,19
11,18,20
11,18,21
11,18,22
11,18,23
11,18,24
11,18,25
11,18,26
11,18,27
11,18,28
11,18,29
11,18,30
11,18,31
11,18,32
11,19,0
11,19,1
11,19,2
11,19,3
11,19,4
11,19,5
11,19,6
11,19,7
11,19,8
11,19,9
11,19,10
11,19,11
11,19,12
11,19,13
11,19,14
11,19,15
11,19,16
11,19,17
11,19,18
11,19,19
11,19,20
11,19,21
11,19,22
11,19,23
11,19,24
11,19,25
11,20,0
11,20,1
11,20,2
11,20,3
11,20,4
11,20,5
11,20,6
11,20,7
11,20,8
11,20,9
11,20,10
11,20,11
11,20,12
11,20,13
11,20,14
11,20,15
11,20,16
11,21,0
12,0,70
12,0,71
12,0,72
12,0,73
12,0,74
12,0,75
12,0,76
12,1,67
12,1,68
12,1,69
12,1,70
12,1,71
12,1,72
12,1,73
12,1,74
12,1,75
12,2,65
12,2,66
12,2,67
12,2,68
12,2,69
12,2,70
12,2,71
12,2,72
12,2,73
12,3,63
12,3,64
12,3,65
12,3,66
12,3,67
12,3,68
12,3,69
12,3,70
12,3,71
12,4,61
12,4,62
12,4,63
12,4,64
12,4,65
12,4,66
12,4,67
12,4,68
12,4,69
12,4,70
12,5,59
12,5,60
12,5,61
12,5,62
12,5,63
12,5,64
12,5,65
12,5,66
12,5,67
12,5,68
12,6,57
12,6,58
12,6,59
12,6,60
12,6,61
12,6,62
12,6,63
12,6,64
12,6,65
12,6,66
12,7,55
12,7,56
12,7,57
12,7,58
12,7,59
12,7,60
12,7,61
12,7,62
12,7,63
12,7,64
12,8,52
12,8,53
12,8,54
12,8,55
12,8,56
12,8,57
12,8,58
12,8,59
12,8,60
12,8,61
12,8,62
12,9,50
12,9,51
12,9,52
12,9,53
12,9,54
12,9,55
12,9,56
12,9,57
12,9,58
12,9,59
12,9,60
12,10,47
12,10,48
12,10,49
12,10,50
12,10,51
12,10,52
12,10,53
12,10,54
12,10,55
12,10,56
12,10,57
12,10,58
12,11,44
12,11,45
12,11,46
12,11,47
12,11,48
12,11,49
12,11,50
12,11,51
12,11,52
12,11,53
12,11,54
12,11,55
12,11,56
12,12,41
12,12,42
12,12,43
12,12,44
12,12,45
12,12,46
12,12,47
12,12,48
12,12,49
12,12,50
12,12,51
12,12,52
12,12,53
12,12,54
12,13,37
12,13,38
12,13,39
12,13,40
12,13,41
12,13,42
12,13,43
12,13,44
12,13,45
12,13,46
12,13,47
12,13,48
12,13,49
12,13,50
12,13,51
12,14,33
12,14,34
12,14,35
12,14,36
12,14,37
12,14,38
12,14,39
12,14,40
12,14,41
12,14,42
12,14,43
12,14,44
12,14,45
12,14,46
12,14,47
12,14,48
12,15,27
12,15,28
12,15,29
12,15,30
12,15,31
12,15,32
12,15,33
12,15,34
12,15,35
12,15,36
12,15,37
12,15,38
12,15,39
12,15,40
12,15,41
12,15,42
12,15,43
12,15,44
12,16,20
12,16,21
12,16,22
12,16,23
12,16,24
12,16,25
12,16,26
12,16,27
12,16,28
12,16,29
12,16,30
12,16,31
12,16,32
12,16,33
12,16,34
12,16,35
12,16,36
12,16,37
12,16,38
12,16,39
12,16,40
12,16,41
12,17,9
12,17,10
12,17,11
12,17,12
12,17,13
12,17,14
12,17,15
12,17,16
12,17,17
12,17,18
12,17,19
12,17,20
12,17,21
12,17,22
12,17,23
12,17,24
12,17,25
12,17,26
12,17,27
12,17,28
12,17,29
12,17,30
12,17,31
12,17,32
12,17,33
12,17,34
12,17,35
12,17,36
12,18,0
12,18,1
12,18,2
12,18,3
12,18,4
12,18,5
12,18,6
12,18,7
12,18,8
12,18,9
12,18,10
12,18,11
12,18,12
12,18,13
12,18,14
12,18,15
12,18,16
12,18,17
12,18,18
12,18,19
12,18,20
12,18,21
12,18,22
12,18,23
12,18,24
12,18,25
12,18,26
12,18,27
12,18,28
12,18,29
12,18,30
12,19,0
12,19,1
12,19,2
12,19,3
12,19,4
12,19,5
12,19,6
12,19,7
12,19,8
12,19,9
12,19,10
12,19,11
12,19,12
12,19,13
12,19,14
12,19,15
12,19,16
12,19,17
12,19,18
12,19,19
12,19,20
12,19,21
12,19,22
12,19,23
12,20,0
12,20,1
12,20,2
12,20,3
12,20,4
12,20,5
12,20,6
12,20,7
12,20,8
12,20,9
12,20,10
12,20,11
12,20,12
12,20,13
13,0,69
13,0,70
13,0,71
13,0,72
13,0,73
13,0,74
13,0,75
13,0,76
13,1,66
13,1,67
13,1,68
13,1,69
13,1,70
13,1,71
13,1,72
13,1,73
13,1,74
13,2,64
13,2,65
13,2,66
13,2,67
13,2,68
13,2,69
13,2,70
13,2,71
13,2,72
13,3,62
13,3,63
13,3,64
13,3,65
13,3,66
13,3,67
13,3,68
13,3,69
13,3,70
13,3,71
13,4,60
13,4,61
13,4,62
13,4,63
13,4,64
13,4,65
13,4,66
13,4,67
13,4,68
13,4,69
13,5,58
13,5,59
13,5,60
13,5,61
13,5,62
13,5,63
13,5,64
13,5,65
13,5,66
13,5,67
13,6,56
13,6,57
13,6,58
13,6,59
13,6,60
13,6,61
13,6,62
13,6,63
13,6,64
13,6,65
13,7,54
13,7,55
13,7,56
13,7,57
13,7,58
13,7,59
13,7,60
13,7,61
13,7,62
13,7,63
13,7,64
13,8,51
13,8,52
13,8,53
13,8,54
13,8,55
13,8,56
13,8,57
13,8,58
13,8,59
13,8,60
13,8,61
13,8,62
13,9,49
13,9,50
13,9,51
13,9,52
13,9,53
13,9,54
13,9,55
13,9,56
13,9,57
13,9,58
13,9,59
13,9,60
13,10,46
13,10,47
13,10,48
13,10,49
13,10,50
13,10,51
13,10,52
13,10,53
13,10,54
13,10,55
13,10,56
13,10,57
13,10,58
13,11,43
13,11,44
13,11,45
13,11,46
13,11,47
13,11,48
13,11,49
13,11,50
13,11,51
13,11,52
13,11,53
13,11,54
13,11,55
13,12,40
13,12,41
13,12,42
13,12,43
13,12,44
13,12,45
13,12,46
13,12,47
13,12,48
13,12,49
13,12,50
13,12,51
13,12,52
13,12,53
13,13,36
13,13,37
13,13,38
13,13,39
13,13,40
13,13,41
13,13,42
13,13,43
13,13,44
13,13,45
13,13,46
13,13,47
13,13,48
13,13,49
13,13,50
13,14,31
13,14,32
13,14,33
13,14,34
13,14,35
13,14,36
13,14,37
13,14,38
13,14,39
13,14,40
13,14,41
13,14,42
13,14,43
13,14,44
13,14,45
13,14,46
13,14,47
13,15,26
13,15,27
13,15,28
13,15,29
13,15,30
13,15,31
13,15,32
13,15,33
13,15,34
13,15,35
13,15,36
13,15,37
13,15,38
13,15,39
13,15,40
13,15,41
13,15,42
13,15,43
13,16,18
13,16,19
13,16,20
13,16,21
13,16,22
13,16,23
13,16,24
13,16,25
13,16,26
13,16,27
13,16,28
13,16,29
13,16,30
13,16,31
13,16,32
13,16,33
13,16,34
13,16,35
13,16,36
13,16,37
13,16,38
13,16,39
13,17,6
13,17,7
13,17,8
13,17,9
13,17,10
13,17,11
13,17,12
13,17,13
13,17,14
13,17,15
13,17,16
13,17,17
13,17,18
13,17,19
13,17,20
13,17,21
13,17,22
13,17,23
13,17,24
13,17,25
13,17,26
13,17,27
13,17,28
13,17,29
13,17,30
13,17,31
13,17,32
13,17,33
13,17,34
13,17,35
13,18,0
13,18,1
13,18,2
13,18,3
13,18,4
13,18,5
13,18,6
13,18,7
13,18,8
13,18,9
13,18,10
13,18,11
13,18,12
13,18,13
13,18,14
13,18,15
13,18,16
13,18,17
13,18,18
13,18,19
13,18,20
13,18,21
13,18,22
13,18,23
13,18,24
13,18,25
13,18,26
13,18,27
13,18,28
13,18,29
13,19,0
13,19,1
13,19,2
13,19,3
13,19,4
13,19,5
13,19,6
13,19,7
13,19,8
13,19,9
13,19,10
13,19,11
13,19,12
13,19,13
13,19,14
13,19,15
13,19,16
13,19,17
13,19,18
13,19,19
13,19,20
13,19,21
13,20,0
13,20,1
13,20,2
13,20,3
13,20,4
13,20,5
13,20,6
13,20,7
13,20,8
13,20,9
13,20,10
14,0,68
14,0,69
14,0,70
14,0,71
14,0,72
14,0,73
14,0,74
14,0,75
14,1,66
14,1,67
14,1,68
14,1,69
14,1,70
14,1,71
14,1,72
14,1,73
14,2,64
14,2,65
14,2,66
14,2,67
14,2,68
14,2,69
14,2,70
14,2,71
14,2,72
14,3,62
14,3,63
14,3,64
14,3,65
14,3,66
14,3,67
14,3,68
14,3,69
14,3,70
14,4,60
14,4,61
14,4,62
14,4,63
14,4,64
14,4,65
14,4,66
14,4,67
14,4,68
14,5,58
14,5,59
14,5,60
14,5,61
14,5,62
14,5,63
14,5,64
14,5,65
14,5,66
14,5,67
14,6,55
14,6,56
14,6,57
14,6,58
14,6,59
14,6,60
14,6,61
14,6,62
14,6,63
14,6,64
14,6,65
14,7,53
14,7,54
14,7,55
14,7,56
14,7,57
14,7,58
14,7,59
14,7,60
14,7,61
14,7,62
14,7,63
14,8,51
14,8,52
14,8,53
14,8,54
14,8,55
14,8,56
14,8,57
14,8,58
14,8,59
14,8,60
14,8,61
14,9,48
14,9,49
14,9,50
14,9,51
14,9,52
14,9,53
14,9,54
14,9,55
14,9,56
14,9,57
14,9,58
14,9,59
14,10,45
14,10,46
14,10,47
14,10,48
14,10,49
14,10,50
14,10,51
14,10,52
14,10,53
14,10,54
14,10,55
14,10,56
14,10,57
14,11,42
14,11,43
14,11,44
14,11,45
14,11,46
14,11,47
14,11,48
14,11,49
14,11,50
14,11,51
14,11,52
14,11,53
14,11,54
14,11,55
14,12,39
14,12,40
14,12,41
14,12,42
14,12,43
14,12,44
14,12,45
14,12,46
14,12,47
14,12,48
14,12,49
14,12,50
14,12,51
14,12,52
14,13,35
14,13,36
14,13,37
14,13,38
14,13,39
14,13,40
14,13,41
14,13,42
14,13,43
14,13,44
14,13,45
14,13,46
14,13,47
14,13,48
14,13,49
14,14,30
14,14,31
14,14,32
14,14,33
14,14,34
14,14,35
14,14,36
14,14,37
14,14,38
14,14,39
14,14,40
14,14,41
14,14,42
14,14,43
14,14,44
14,14,45
14,14,46
14,15,24
14,15,25
14,15,26
14,15,27
14,15,28
14,15,29
14,15,30
14,15,31
14,15,32
14,15,33
14,15,34
14,15,35
14,15,36
14,15,37
14,15,38
14,15,39
14,15,40
14,15,41
14,15,42
14,16,15
14,16,16
14,16,17
14,16,18
14,16,19
14,16,20
14,16,21
14,16,22
14,16,23
14,16,24
14,16,25
14,16,26
14,16,27
14,16,28
14,16,29
14,16,30
14,16,31
14,16,32
14,16,33
14,16,34
14,16,35
14,16,36
14,16,37
14,16,38
14,17,2
14,17,3
14,17,4
14,17,5
14,17,6
14,17,7
14,17,8
14,17,9
14,17,10
14,17,11
14,17,12
14,17,13
14,17,14
14,17,15
14,17,16
14,17,17
14,17,18
14,17,19
14,17,20
14,17,21
14,17,22
14,17,23
14,17,24
14,17,25
14,17,26
14,17,27
14,17,28
14,17,29
14,17,30
14,17,31
14,17,32
14,17,33
14,18,0
14,18,1
14,18,2
14,18,3
14,18,4
14,18,5
14,18,6
14,18,7
14,18,8
14,18,9
14,18,10
14,18,11
14,18,12
14,18,13
14,18,14
14,18,15
14,18,16
14,18,17
14,18,18
14,18,19
14,18,20
14,18,21
14,18,22
14,18,23
14,18,24
14,18,25
14,18,26
14,18,27
14,19,0
14,19,1
14,19,2
14,19,3
14,19,4
14,19,5
14,19,6
14,19,7
14,19,8
14,19,9
14,19,10
14,19,11
14,19,12
14,19,13
14,19,14
14,19,15
14,19,16
14,19,17
14,19,18
14,19,19
14,20,0
14,20,1
14,20,2
14,20,3
14,20,4
14,20,5
14,20,6
15,0,68
15,0,69
15,0,70
15,0,71
15,0,72
15,0,73
15,0,74
15,1,65
15,1,66
15,1,67
15,1,68
15,1,69
15,1,70
15,1,71
15,1,72
15,1,73
15,2,63
15,2,64
15,2,65
15,2,66
15,2,67
15,2,68
15,2,69
15,2,70
15,2,71
15,3,61
15,3,62
15,3,63
15,3,64
15,3,65
15,3,66
15,3,67
15,3,68
15,3,69
15,3,70
15,4,59
15,4,60
15,4,61
15,4,62
15,4,63
15,4,64
15,4,65
15,4,66
15,4,67
15,4,68
15,5,57
15,5,58
15,5,59
15,5,60
15,5,61
15,5,62
15,5,63
15,5,64
15,5,65
15,5,66
15,6,55
15,6,56
15,6,57
15,6,58
15,6,59
15,6,60
15,6,61
15,6,62
15,6,63
15,6,64
15,7,52
15,7,53
15,7,54
15,7,55
15,7,56
15,7,57
15,7,58
15,7,59
15,7,60
15,7,61
15,7,62
15,8,50
15,8,51
15,8,52
15,8,53
15,8,54
15,8,55
15,8,56
15,8,57
15,8,58
15,8,59
15,8,60
15,9,47
15,9,48
15,9,49
15,9,50
15,9,51
15,9,52
15,9,53
15,9,54
15,9,55
15,9,56
15,9,57
15,9,58
15,10,44
15,10,45
15,10,46
15,10,47
15,10,48
15,10,49
15,10,50
15,10,51
15,10,52
15,10,53
15,10,54
15,10,55
15,10,56
15,11,41
15,11,42
15,11,43
15,11,44
15,11,45
15,11,46
15,11,47
15,11,48
15,11,49
15,11,50
15,11,51
15,11,52
15,11,53
15,11,54
15,12,38
15,12,39
15,12,40
15,12,41
15,12,42
15,12,43
15,12,44
15,12,45
15,12,46
15,12,47
15,12,48
15,12,49
15,12,50
15,12,51
15,13,33
15,13,34
15,13,35
15,13,36
15,13,37
15,13,38
15,13,39
15,13,40
15,13,41
15,13,42
15,13,43
15,13,44
15,13,45
15,13,46
15,13,47
15,13,48
15,14,28
15,14,29
15,14,30
15,14,31
15,14,32
15,14,33
15,14,34
15,14,35
15,14,36
15,14,37
15,14,38
15,14,39
15,14,40
15,14,41
15,14,42
15,14,43
15,14,44
15,14,45
15,15,22
15,15,23
15,15,24
15,15,25
15,15,26
15,15,27
15,15,28
15,15,29
15,15,30
15,15,31
15,15,32
15,15,33
15,15,34
15,15,35
15,15,36
15,15,37
15,15,38
15,15,39
15,15,40
15,15,41
15,16,12
15,16,13
15,16,14
15,16,15
15,16,16
15,16,17
15,16,18
15,16,19
15,16,20
15,16,21
15,16,22
15,16,23
15,16,24
15,16,25
15,16,26
15,16,27
15,16,28
15,16,29
15,16,30
15,16,31
15,16,32
15,16,33
15,16,34
15,16,35
15,16,36
15,16,37
15,17,0
15,17,1
15,17,2
15,17,3
15,17,4
15,17,5
15,17,6
15,17,7
15,17,8
15,17,9
15,17,10
15,17,11
15,17,12
15,17,13
15,17,14
15,17,15
15,17,16
15,17,17
15,17,18
15,17,19
15,17,20
15,17,21
15,17,22
15,17,23
15,17,24
15,17,25
15,17,26
15,17,27
15,17,28
15,17,29
15,17,30
15,17,31
15,17,32
15,18,0
15,18,1
15,18,2
15,18,3
15,18,4
15,18,5
15,18,6
15,18,7
15,18,8
15,18,9
15,18,10
15,18,11
15,18,12
15,18,13
15,18,14
15,18,15
15,18,16
15,18,17
15,18,18
15,18,19
15,18,20
15,18,21
15,18,22
15,18,23
15,18,24
15,18,25
15,18,26
15,19,0
15,19,1
15,19,2
15,19,3
15,19,4
15,19,5
15,19,6
15,19,7
15,19,8
15,19,9
15,19,10
15,19,11
15,19,12
15,19,13
15,19,14
15,19,15
15,19,16
15,19,17
15,20,0
15,20,1
15,20,2
15,20,3
16,0,67
16,0,68
16,0,69
16,0,70
16,0,71
16,0,72
16,0,73
16,0,74
16,1,64
16,1,65
16,1,66
16,1,67
16,1,68
16,1,69
16,1,70
16,1,71
16,1,72
16,2,62
16,2,63
16,2,64
16,2,65
16,2,66
16,2,67
16,2,68
16,2,69
16,2,70
16,2,71
16,3,60
16,3,61
16,3,62
16,3,63
16,3,64
16,3,65
16,3,66
16,3,67
16,3,68
16,3,69
16,4,58
16,4,59
16,4,60
16,4,61
16,4,62
16,4,63
16,4,64
16,4,65
16,4,66
16,4,67
16,5,56
16,5,57
16,5,58
16,5,59
16,5,60
16,5,61
16,5,62
16,5,63
16,5,64
16,5,65
16,6,54
16,6,55
16,6,56
16,6,57
16,6,58
16,6,59
16,6,60
16,6,61
16,6,62
16,6,63
16,7,51
16,7,52
16,7,53
16,7,54
16,7,55
16,7,56
16,7,57
16,7,58
16,7,59
16,7,60
16,7,61
16,8,49
16,8,50
16,8,51
16,8,52
16,8,53
16,8,54
16,8,55
16,8,56
16,8,57
16,8,58
16,8,59
16,9,46
16,9,47
16,9,48
16,9,49
16,9,50
16,9,51
16,9,52
16,9,53
16,9,54
16,9,55
16,9,56
16,9,57
16,10,43
16,10,44
16,10,45
16,10,46
16,10,47
16,10,48
16,10,49
16,10,50
16,10,51
16,10,52
16,10,53
16,10,54
16,10,55
16,11,40
16,11,41
16,11,42
16,11,43
16,11,44
16,11,45
16,11,46
16,11,47
16,11,48
16,11,49
16,11,50
16,11,51
16,11,52
16,11,53
16,12,36
16,12,37
16,12,38
16,12,39
16,12,40
16,12,41
16,12,42
16,12,43
16,12,44
16,12,45
16,12,46
16,12,47
16,12,48
16,12,49
16,12,50
16,13,32
16,13,33
16,13,34
16,13,35
16,13,36
16,13,37
16,13,38
16,13,39
16,13,40
16,13,41
16,13,42
16,13,43
16,13,44
16,13,45
16,13,46
16,13,47
16,14,26
16,14,27
16,14,28
16,14,29
16,14,30
16,14,31
16,14,32
16,14,33
16,14,34
16,14,35
16,14,36
16,14,37
16,14,38
16,14,39
16,14,40
16,14,41
16,14,42
16,14,43
16,14,44
16,15,19
16,15,20
16,15,21
16,15,22
16,15,23
16,15,24
16,15,25
16,15,26
16,15,27
16,15,28
16,15,29
16,15,30
16,15,31
16,15,32
16,15,33
16,15,34
16,15,35
16,15,36
16,15,37
16,15,38
16,15,39
16,15,40
16,16,8
16,16,9
16,16,10
16,16,11
16,16,12
16,16,13
16,16,14
16,16,15
16,16,16
16,16,17
16,16,18
16,16,19
16,16,20
16,16,21
16,16,22
16,16,23
16,16,24
16,16,25
16,16,26
16,16,27
16,16,28
16,16,29
16,16,30
16,16,31
16,16,32
16,16,33
16,16,34
16,16,35
16,16,36
16,17,0
16,17,1
16,17,2
16,17,3
16,17,4
16,17,5
16,17,6
16,17,7
16,17,8
16,17,9
16,17,10
16,17,11
16,17,12
16,17,13
16,17,14
16,17,15
16,17,16
16,17,17
16,17,18
16,17,19
16,17,20
16,17,21
16,17,22
16,17,23
16,17,24
16,17,25
16,17,26
16,17,27
16,17,28
16,17,29
16,17,30
16,18,0
16,18,1
16,18,2
16,18,3
16,18,4
16,18,5
16,18,6
16,18,7
16,18,8
16,18,9
16,18,10
16,18,11
16,18,12
16,18,13
16,18,14
16,18,15
16,18,16
16,18,17
16,18,18
16,18,19
16,18,20
16,18,21
16,18,22
16,18,23
16,18,24
16,19,0
16,19,1
16,19,2
16,19,3
16,19,4
16,19,5
16,19,6
16,19,7
16,19,8
16,19,9
16,19,10
16,19,11
16,19,12
16,19,13
16,19,14
17,0,66
17,0,67
17,0,68
17,0,69
17,0,70
17,0,71
17,0,72
17,0,73
17,1,63
17,1,64
17,1,65
17,1,66
17,1,67
17,1,68
17,1,69
17,1,70
17,1,71
17,1,72
17,2,61
17,2,62
17,2,63
17,2,64
17,2,65
17,2,66
17,2,67
17,2,68
17,2,69
17,2,70
17,3,59
17,3,60
17,3,61
17,3,62
17,3,63
17,3,64
17,3,65
17,3,66
17,3,67
17,3,68
17,4,57
17,4,58
17,4,59
17,4,60
17,4,61
17,4,62
17,4,63
17,4,64
17,4,65
17,4,66
17,5,55
17,5,56
17,5,57
17,5,58
17,5,59
17,5,60
17,5,61
17,5,62
17,5,63
17,5,64
17,6,53
17,6,54
17,6,55
17,6,56
17,6,57
17,6,58
17,6,59
17,6,60
17,6,61
17,6,62
17,6,63
17,7,50
17,7,51
17,7,52
17,7,53
17,7,54
17,7,55
17,7,56
17,7,57
17,7,58
17,7,59
17,7,60
17,7,61
17,8,48
17,8,49
17,8,50
17,8,51
17,8,52
17,8,53
17,8,54
17,8,55
17,8,56
17,8,57
17,8,58
17,8,59
17,9,45
17,9,46
17,9,47
17,9,48
17,9,49
17,9,50
17,9,51
17,9,52
17,9,53
17,9,54
17,9,55
17,9,56
17,10,42
17,10,43
17,10,44
17,10,45
17,10,46
17,10,47
17,10,48
17,10,49
17,10,50
17,10,51
17,10,52
17,10,53
17,10,54
17,11,38
17,11,39
17,11,40
17,11,41
17,11,42
17,11,43
17,11,44
17,11,45
17,11,46
17,11,47
17,11,48
17,11,49
17,11,50
17,11,51
17,11,52
17,12,35
17,12,36
17,12,37
17,12,38
17,12,39
17,12,40
17,12,41
17,12,42
17,12,43
17,12,44
17,12,45
17,12,46
17,12,47
17,12,48
17,12,49
17,13,30
17,13,31
17,13,32
17,13,33
17,13,34
17,13,35
17,13,36
17,13,37
17,13,38
17,13,39
17,13,40
17,13,41
17,13,42
17,13,43
17,13,44
17,13,45
17,13,46
17,14,24
17,14,25
17,14,26
17,14,27
17,14,28
17,14,29
17,14,30
17,14,31
17,14,32
17,14,33
17,14,34
17,14,35
17,14,36
17,14,37
17,14,38
17,14,39
17,14,40
17,14,41
17,14,42
17,14,43
17,15,16
17,15,17
17,15,18
17,15,19
17,15,20
17,15,21
17,15,22
17,15,23
17,15,24
17,15,25
17,15,26
17,15,27
17,15,28
17,15,29
17,15,30
17,15,31
17,15,32
17,15,33
17,15,34
17,15,35
17,15,36
17,15,37
17,15,38
17,15,39
17,16,4
17,16,5
17,16,6
17,16,7
17,16,8
17,16,9
17,16,10
17,16,11
17,16,12
17,16,13
17,16,14
17,16,15
17,16,16
17,16,17
17,16,18
17,16,19
17,16,20
17,16,21
17,16,22
17,16,23
17,16,24
17,16,25
17,16,26
17,16,27
17,16,28
17,16,29
17,16,30
17,16,31
17,16,32
17,16,33
17,16,34
17,17,0
17,17,1
17,17,2
17,17,3
17,17,4
17,17,5
17,17,6
17,17,7
17,17,8
17,17,9
17,17,10
17,17,11
17,17,12
17,17,13
17,17,14
17,17,15
17,17,16
17,17,17
17,17,18
17,17,19
17,17,20
17,17,21
17,17,22
17,17,23
17,17,24
17,17,25
17,17,26
17,17,27
17,17,28
17,17,29
17,18,0
17,18,1
17,18,2
17,18,3
17,18,4
17,18,5
17,18,6
17,18,7
17,18,8
17,18,9
17,18,10
17,18,11
17,18,12
17,18,13
17,18,14
17,18,15
17,18,16
17,18,17
17,18,18
17,18,19
17,18,20
17,18,21
17,19,0
17,19,1
17,19,2
17,19,3
17,19,4
17,19,5
17,19,6
17,19,7
17,19,8
17,19,9
17,19,10
18,0,65
18,0,66
18,0,67
18,0,68
18,0,69
18,0,70
18,0,71
18,0,72
18,1,63
18,1,64
18,1,65
18,1,66
18,1,67
18,1,68
18,1,69
18,1,70
18,1,71
18,2,60
18,2,61
18,2,62
18,2,63
18,2,64
18,2,65
18,2,66
18,2,67
18,2,68
18,2,69
18,3,58
18,3,59
18,3,60
18,3,61
18,3,62
18,3,63
18,3,64
18,3,65
18,3,66
18,3,67
18,4,56
18,4,57
18,4,58
18,4,59
18,4,60
18,4,61
18,4,62
18,4,63
18,4,64
18,4,65
18,4,66
18,5,54
18,5,55
18,5,56
18,5,57
18,5,58
18,5,59
18,5,60
18,5,61
18,5,62
18,5,63
18,5,64
18,6,52
18,6,53
18,6,54
18,6,55
18,6,56
18,6,57
18,6,58
18,6,59
18,6,60
18,6,61
18,6,62
18,7,49
18,7,50
18,7,51
18,7,52
18,7,53
18,7,54
18,7,55
18,7,56
18,7,57
18,7,58
18,7,59
18,7,60
18,8,46
18,8,47
18,8,48
18,8,49
18,8,50
18,8,51
18,8,52
18,8,53
18,8,54
18,8,55
18,8,56
18,8,57
18,8,58
18,9,43
18,9,44
18,9,45
18,9,46
18,9,47
18,9,48
18,9,49
18,9,50
18,9,51
18,9,52
18,9,53
18,9,54
18,9,55
18,10,40
18,10,41
18,10,42
18,10,43
18,10,44
18,10,45
18,10,46
18,10,47
18,10,48
18,10,49
18,10,50
18,10,51
18,10,52
18,10,53
18,11,37
18,11,38
18,11,39
18,11,40
18,11,41
18,11,42
18,11,43
18,11,44
18,11,45
18,11,46
18,11,47
18,11,48
18,11,49
18,11,50
18,11,51
18,12,33
18,12,34
18,12,35
18,12,36
18,12,37
18,12,38
18,12,39
18,12,40
18,12,41
18,12,42
18,12,43
18,12,44
18,12,45
18,12,46
18,12,47
18,12,48
18,13,28
18,13,29
18,13,30
18,13,31
18,13,32
18,13,33
18,13,34
18,13,35
18,13,36
18,13,37
18,13,38
18,13,39
18,13,40
18,13,41
18,13,42
18,13,43
18,13,44
18,13,45
18,14,22
18,14,23
18,14,24
18,14,25
18,14,26
18,14,27
18,14,28
18,14,29
18,14,30
18,14,31
18,14,32
18,14,33
18,14,34
18,14,35
18,14,36
18,14,37
18,14,38
18,14,39
18,14,40
18,14,41
18,15,13
18,15,14
18,15,15
18,15,16
18,15,17
18,15,18
18,15,19
18,15,20
18,15,21
18,15,22
18,15,23
18,15,24
18,15,25
18,15,26
18,15,27
18,15,28
18,15,29
18,15,30
18,15,31
18,15,32
18,15,33
18,15,34
18,15,35
18,15,36
18,15,37
18,16,0
18,16,1
18,16,2
18,16,3
18,16,4
18,16,5
18,16,6
18,16,7
18,16,8
18,16,9
18,16,10
18,16,11
18,16,12
18,16,13
18,16,14
18,16,15
18,16,16
18,16,17
18,16,18
18,16,19
18,16,20
18,16,21
18,16,22
18,16,23
18,16,24
18,16,25
18,16,26
18,16,27
18,16,28
18,16,29
18,16,30
18,16,31
18,16,32
18,17,0
18,17,1
18,17,2
18,17,3
18,17,4
18,17,5
18,17,6
18,17,7
18,17,8
18,17,9
18,17,10
18,17,11
18,17,12
18,17,13
18,17,14
18,17,15
18,17,16
18,17,17
18,17,18
18,17,19
18,17,20
18,17,21
18,17,22
18,17,23
18,17,24
18,17,25
18,17,26
18,17,27
18,18,0
18,18,1
18,18,2
18,18,3
18,18,4
18,18,5
18,18,6
18,18,7
18,18,8
18,18,9
18,18,10
18,18,11
18,18,12
18,18,13
18,18,14
18,18,15
18,18,16
18,18,17
18,18,18
18,18,19
18,19,0
18,19,1
18,19,2
18,19,3
18,19,4
18,19,5
18,19,6
19,0,65
19,0,66
19,0,67
19,0,68
19,0,69
19,0,70
19,0,71
19,0,72
19,1,62
19,1,63
19,1,64
19,1,65
19,1,66
19,1,67
19,1,68
19,1,69
19,1,70
19,2,60
19,2,61
19,2,62
19,2,63
19,2,64
19,2,65
19,2,66
19,2,67
19,2,68
19,3,57
19,3,58
19,3,59
19,3,60
19,3,61
19,3,62
19,3,63
19,3,64
19,3,65
19,3,66
19,3,67
19,4,55
19,4,56
19,4,57
19,4,58
19,4,59
19,4,60
19,4,61
19,4,62
19,4,63
19,4,64
19,4,65
19,5,53
19,5,54
19,5,55
19,5,56
19,5,57
19,5,58
19,5,59
19,5,60
19,5,61
19,5,62
19,5,63
19,6,50
19,6,51
19,6,52
19,6,53
19,6,54
19,6,55
19,6,56
19,6,57
19,6,58
19,6,59
19,6,60
19,6,61
19,7,48
19,7,49
19,7,50
19,7,51
19,7,52
19,7,53
19,7,54
19,7,55
19,7,56
19,7,57
19,7,58
19,7,59
19,8,45
19,8,46
19,8,47
19,8,48
19,8,49
19,8,50
19,8,51
19,8,52
19,8,53
19,8,54
19,8,55
19,8,56
19,8,57
19,9,42
19,9,43
19,9,44
19,9,45
19,9,46
19,9,47
19,9,48
19,9,49
19,9,50
19,9,51
19,9,52
19,9,53
19,9,54
19,10,39
19,10,40
19,10,41
19,10,42
19,10,43
19,10,44
19,10,45
19,10,46
19,10,47
19,10,48
19,10,49
19,10,50
19,10,51
19,10,52
19,11,35
19,11,36
19,11,37
19,11,38
19,11,39
19,11,40
19,11,41
19,11,42
19,11,43
19,11,44
19,11,45
19,11,46
19,11,47
19,11,48
19,11,49
19,11,50
19,12,31
19,12,32
19,12,33
19,12,34
19,12,35
19,12,36
19,12,37
19,12,38
19,12,39
19,12,40
19,12,41
19,12,42
19,12,43
19,12,44
19,12,45
19,12,46
19,12,47
19,13,26
19,13,27
19,13,28
19,13,29
19,13,30
19,13,31
19,13,32
19,13,33
19,13,34
19,13,35
19,13,36
19,13,37
19,13,38
19,13,39
19,13,40
19,13,41
19,13,42
19,13,43
19,13,44
19,14,19
19,14,20
19,14,21
19,14,22
19,14,23
19,14,24
19,14,25
19,14,26
19,14,27
19,14,28
19,14,29
19,14,30
19,14,31
19,14,32
19,14,33
19,14,34
19,14,35
19,14,36
19,14,37
19,14,38
19,14,39
19,14,40
19,15,9
19,15,10
19,15,11
19,15,12
19,15,13
19,15,14
19,15,15
19,15,16
19,15,17
19,15,18
19,15,19
19,15,20
19,15,21
19,15,22
19,15,23
19,15,24
19,15,25
19,15,26
19,15,27
19,15,28
19,15,29
19,15,30
19,15,31
19,15,32
19,15,33
19,15,34
19,15,35
19,15,36
19,16,0
19,16,1
19,16,2
19,16,3
19,16,4
19,16,5
19,16,6
19,16,7
19,16,8
19,16,9
19,16,10
19,16,11
19,16,12
19,16,13
19,16,14
19,16,15
19,16,16
19,16,17
19,16,18
19,16,19
19,16,20
19,16,21
19,16,22
19,16,23
19,16,24
19,16,25
19,16,26
19,16,27
19,16,28
19,16,29
19,16,30
19,16,31
19,17,0
19,17,1
19,17,2
19,17,3
19,17,4
19,17,5
19,17,6
19,17,7
19,17,8
19,17,9
19,17,10
19,17,11
19,17,12
19,17,13
19,17,14
19,17,15
19,17,16
19,17,17
19,17,18
19,17,19
19,17,20
19,17,21
19,17,22
19,17,23
19,17,24
19,18,0
19,18,1
19,18,2
19,18,3
19,18,4
19,18,5
19,18,6
19,18,7
19,18,8
19,18,9
19,18,10
19,18,11
19,18,12
19,18,13
19,18,14
19,18,15
19,18,16
19,19,0
19,19,1
19,19,2
20,0,64
20,0,65
20,0,66
20,0,67
20,0,68
20,0,69
20,0,70
20,0,71
20,1,61
20,1,62
20,1,63
20,1,64
20,1,65
20,1,66
20,1,67
20,1,68
20,1,69
20,2,59
20,2,60
20,2,61
20,2,62
20,2,63
20,2,64
20,2,65
20,2,66
20,2,67
20,3,56
20,3,57
20,3,58
20,3,59
20,3,60
20,3,61
20,3,62
20,3,63
20,3,64
20,3,65
20,3,66
20,4,54
20,4,55
20,4,56
20,4,57
20,4,58
20,4,59
20,4,60
20,4,61
20,4,62
20,4,63
20,4,64
20,5,52
20,5,53
20,5,54
20,5,55
20,5,56
20,5,57
20,5,58
20,5,59
20,5,60
20,5,61
20,5,62
20,6,49
20,6,50
20,6,51
20,6,52
20,6,53
20,6,54
20,6,55
20,6,56
20,6,57
20,6,58
20,6,59
20,6,60
20,7,47
20,7,48
20,7,49
20,7,50
20,7,51
20,7,52
20,7,53
20,7,54
20,7,55
20,7,56
20,7,57
20,7,58
20,8,44
20,8,45
20,8,46
20,8,47
20,8,48
20,8,49
20,8,50
20,8,51
20,8,52
20,8,53
20,8,54
20,8,55
20,8,56
20,9,41
20,9,42
20,9,43
20,9,44
20,9,45
20,9,46
20,9,47
20,9,48
20,9,49
20,9,50
20,9,51
20,9,52
20,9,53
20,10,37
20,10,38
20,10,39
20,10,40
20,10,41
20,10,42
20,10,43
20,10,44
20,10,45
20,10,46
20,10,47
20,10,48
20,10,49
20,10,50
20,10,51
20,11,34
20,11,35
20,11,36
20,11,37
20,11,38
20,11,39
20,11,40
20,11,41
20,11,42
20,11,43
20,11,44
20,11,45
20,11,46
20,11,47
20,11,48
20,12,29
20,12,30
20,12,31
20,12,32
20,12,33
20,12,34
20,12,35
20,12,36
20,12,37
20,12,38
20,12,39
20,12,40
20,12,41
20,12,42
20,12,43
20,12,44
20,12,45
20,13,23
20,13,24
20,13,25
20,13,26
20,13,27
20,13,28
20,13,29
20,13,30
20,13,31
20,13,32
20,13,33
20,13,34
20,13,35
20,13,36
20,13,37
20,13,38
20,13,39
20,13,40
20,13,41
20,13,42
20,14,16
20,14,17
20,14,18
20,14,19
20,14,20
20,14,21
20,14,22
20,14,23
20,14,24
20,14,25
20,14,26
20,14,27
20,14,28
20,14,29
20,14,30
20,14,31
20,14,32
20,14,33
20,14,34
20,14,35
20,14,36
20,14,37
20,14,38
20,15,4
20,15,5
20,15,6
20,15,7
20,15,8
20,15,9
20,15,10
20,15,11
20,15,12
20,15,13
20,15,14
20,15,15
20,15,16
20,15,17
20,15,18
20,15,19
20,15,20
20,15,21
20,15,22
20,15,23
20,15,24
20,15,25
20,15,26
20,15,27
20,15,28
20,15,29
20,15,30
20,15,31
20,15,32
20,15,33
20,15,34
20,16,0
20,16,1
20,16,2
20,16,3
20,16,4
20,16,5
20,16,6
20,16,7
20,16,8
20,16,9
20,16,10
20,16,11
20,16,12
20,16,13
20,16,14
20,16,15
20,16,16
20,16,17
20,16,18
20,16,19
20,16,20
20,16,21
20,16,22
20,16,23
20,16,24
20,16,25
20,16,26
20,16,27
20,16,28
20,16,29
20,17,0
20,17,1
20,17,2
20,17,3
20,17,4
20,17,5
20,17,6
20,17,7
20,17,8
20,17,9
20,17,10
20,17,11
20,17,12
20,17,13
20,17,14
20,17,15
20,17,16
20,17,17
20,17,18
20,17,19
20,17,20
20,17,21
20,17,22
20,18,0
20,18,1
20,18,2
20,18,3
20,18,4
20,18,5
20,18,6
20,18,7
20,18,8
20,18,9
20,18,10
20,18,11
20,18,12
21,0,63
21,0,64
21,0,65
21,0,66
21,0,67
21,0,68
21,0,69
21,0,70
21,1,60
21,1,61
21,1,62
21,1,63
21,1,64
21,1,65
21,1,66
21,1,67
21,1,68
21,2,57
21,2,58
21,2,59
21,2,60
21,2,61
21,2,62
21,2,63
21,2,64
21,2,65
21,2,66
21,2,67
21,3,55
21,3,56
21,3,57
21,3,58
21,3,59
21,3,60
21,3,61
21,3,62
21,3,63
21,3,64
21,3,65
21,4,53
21,4,54
21,4,55
21,4,56
21,4,57
21,4,58
21,4,59
21,4,60
21,4,61
21,4,62
21,4,63
21,5,50
21,5,51
21,5,52
21,5,53
21,5,54
21,5,55
21,5,56
21,5,57
21,5,58
21,5,59
21,5,60
21,5,61
21,6,48
21,6,49
21,6,50
21,6,51
21,6,52
21,6,53
21,6,54
21,6,55
21,6,56
21,6,57
21,6,58
21,6,59
21,7,45
21,7,46
21,7,47
21,7,48
21,7,49
21,7,50
21,7,51
21,7,52
21,7,53
21,7,54
21,7,55
21,7,56
21,7,57
21,8,42
21,8,43
21,8,44
21,8,45
21,8,46
21,8,47
21,8,48
21,8,49
21,8,50
21,8,51
21,8,52
21,8,53
21,8,54
21,9,39
21,9,40
21,9,41
21,9,42
21,9,43
21,9,44
21,9,45
21,9,46
21,9,47
21,9,48
21,9,49
21,9,50
21,9,51
21,9,52
21,10,36
21,10,37
21,10,38
21,10,39
21,10,40
21,10,41
21,10,42
21,10,43
21,10,44
21,10,45
21,10,46
21,10,47
21,10,48
21,10,49
21,10,50
21,11,32
21,11,33
21,11,34
21,11,35
21,11,36
21,11,37
21,11,38
21,11,39
21,11,40
21,11,41
21,11,42
21,11,43
21,11,44
21,11,45
21,11,46
21,11,47
21,12,27
21,12,28
21,12,29
21,12,30
21,12,31
21,12,32
21,12,33
21,12,34
21,12,35
21,12,36
21,12,37
21,12,38
21,12,39
21,12,40
21,12,41
21,12,42
21,12,43
21,12,44
21,13,21
21,13,22
21,13,23
21,13,24
21,13,25
21,13,26
21,13,27
21,13,28
21,13,29
21,13,30
21,13,31
21,13,32
21,13,33
21,13,34
21,13,35
21,13,36
21,13,37
21,13,38
21,13,39
21,13,40
21,13,41
21,14,12
21,14,13
21,14,14
21,14,15
21,14,16
21,14,17
21,14,18
21,14,19
21,14,20
21,14,21
21,14,22
21,14,23
21,14,24
21,14,25
21,14,26
21,14,27
21,14,28
21,14,29
21,14,30
21,14,31
21,14,32
21,14,33
21,14,34
21,14,35
21,14,36
21,14,37
21,15,0
21,15,1
21,15,2
21,15,3
21,15,4
21,15,5
21,15,6
21,15,7
21,15,8
21,15,9
21,15,10
21,15,11
21,15,12
21,15,13
21,15,14
21,15,15
21,15,16
21,15,17
21,15,18
21,15,19
21,15,20
21,15,21
21,15,22
21,15,23
21,15,24
21,15,25
21,15,26
21,15,27
21,15,28
21,15,29
21,15,30
21,15,31
21,15,32
21,16,0
21,16,1
21,16,2
21,16,3
21,16,4
21,16,5
21,16,6
21,16,7
21,16,8
21,16,9
21,16,10
21,16,11
21,16,12
21,16,13
21,16,14
21,16,15
21,16,16
21,16,17
21,16,18
21,16,19
21,16,20
21,16,21
21,16,22
21,16,23
21,16,24
21,16,25
21,16,26
21,17,0
21,17,1
21,17,2
21,17,3
21,17,4
21,17,5
21,17,6
21,17,7
21,17,8
21,17,9
21,17,10
21,17,11
21,17,12
21,17,13
21,17,14
21,17,15
21,17,16
21,17,17
21,17,18
21,17,19
21,18,0
21,18,1
21,18,2
21,18,3
21,18,4
21,18,5
21,18,6
21,18,7
22,0,62
22,0,63
22,0,64
22,0,65
22,0,66
22,0,67
22,0,68
22,0,69
22,1,59
22,1,60
22,1,61
22,1,62
22,1,63
22,1,64
22,1,65
22,1,66
22,1,67
22,2,56
22,2,57
22,2,58
22,2,59
22,2,60
22,2,61
22,2,62
22,2,63
22,2,64
22,2,65
22,2,66
22,3,54
22,3,55
22,3,56
22,3,57
22,3,58
22,3,59
22,3,60
22,3,61
22,3,62
22,3,63
22,3,64
22,4,52
22,4,53
22,4,54
22,4,55
22,4,56
22,4,57
22,4,58
22,4,59
22,4,60
22,4,61
22,4,62
22,5,49
22,5,50
22,5,51
22,5,52
22,5,53
22,5,54
22,5,55
22,5,56
22,5,57
22,5,58
22,5,59
22,5,60
22,6,47
22,6,48
22,6,49
22,6,50
22,6,51
22,6,52
22,6,53
22,6,54
22,6,55
22,6,56
22,6,57
22,6,58
22,7,44
22,7,45
22,7,46
22,7,47
22,7,48
22,7,49
22,7,50
22,7,51
22,7,52
22,7,53
22,7,54
22,7,55
22,7,56
22,8,41
22,8,42
22,8,43
22,8,44
22,8,45
22,8,46
22,8,47
22,8,48
22,8,49
22,8,50
22,8,51
22,8,52
22,8,53
22,9,37
22,9,38
22,9,39
22,9,40
22,9,41
22,9,42
22,9,43
22,9,44
22,9,45
22,9,46
22,9,47
22,9,48
22,9,49
22,9,50
22,9,51
22,10,34
22,10,35
22,10,36
22,10,37
22,10,38
22,10,39
22,10,40
22,10,41
22,10,42
22,10,43
22,10,44
22,10,45
22,10,46
22,10,47
22,10,48
22,11,29
22,11,30
22,11,31
22,11,32
22,11,33
22,11,34
22,11,35
22,11,36
22,11,37
22,11,38
22,11,39
22,11,40
22,11,41
22,11,42
22,11,43
22,11,44
22,11,45
22,11,46
22,12,24
22,12,25
22,12,26
22,12,27
22,12,28
22,12,29
22,12,30
22,12,31
22,12,32
22,12,33
22,12,34
22,12,35
22,12,36
22,12,37
22,12,38
22,12,39
22,12,40
22,12,41
22,12,42
22,12,43
22,13,17
22,13,18
22,13,19
22,13,20
22,13,21
22,13,22
22,13,23
22,13,24
22,13,25
22,13,26
22,13,27
22,13,28
22,13,29
22,13,30
22,13,31
22,13,32
22,13,33
22,13,34
22,13,35
22,13,36
22,13,37
22,13,38
22,13,39
22,14,7
22,14,8
22,14,9
22,14,10
22,14,11
22,14,12
22,14,13
22,14,14
22,14,15
22,14,16
22,14,17
22,14,18
22,14,19
22,14,20
22,14,21
22,14,22
22,14,23
22,14,24
22,14,25
22,14,26
22,14,27
22,14,28
22,14,29
22,14,30
22,14,31
22,14,32
22,14,33
22,14,34
22,14,35
22,15,0
22,15,1
22,15,2
22,15,3
22,15,4
22,15,5
22,15,6
22,15,7
22,15,8
22,15,9
22,15,10
22,15,11
22,15,12
22,15,13
22,15,14
22,15,15
22,15,16
22,15,17
22,15,18
22,15,19
22,15,20
22,15,21
22,15,22
22,15,23
22,15,24
22,15,25
22,15,26
22,15,27
22,15,28
22,15,29
22,15,30
22,16,0
22,16,1
22,16,2
22,16,3
22,16,4
22,16,5
22,16,6
22,16,7
22,16,8
22,16,9
22,16,10
22,16,11
22,16,12
22,16,13
22,16,14
22,16,15
22,16,16
22,16,17
22,16,18
22,16,19
22,16,20
22,16,21
22,16,22
22,16,23
22,16,24
22,17,0
22,17,1
22,17,2
22,17,3
22,17,4
22,17,5
22,17,6
22,17,7
22,17,8
22,17,9
22,17,10
22,17,11
22,17,12
22,17,13
22,17,14
22,17,15
22,18,0
22,18,1
22,18,2
23,0,61
23,0,62
23,0,63
23,0,64
23,0,65
23,0,66
23,0,67
23,0,68
23,1,57
23,1,58
23,1,59
23,1,60
23,1,61
23,1,62
23,1,63
23,1,64
23,1,65
23,1,66
23,2,55
23,2,56
23,2,57
23,2,58
23,2,59
23,2,60
23,2,61
23,2,62
23,2,63
23,2,64
23,2,65
23,3,53
23,3,54
23,3,55
23,3,56
23,3,57
23,3,58
23,3,59
23,3,60
23,3,61
23,3,62
23,3,63
23,4,50
23,4,51
23,4,52
23,4,53
23,4,54
23,4,55
23,4,56
23,4,57
23,4,58
23,4,59
23,4,60
23,4,61
23,5,48
23,5,49
23,5,50
23,5,51
23,5,52
23,5,53
23,5,54
23,5,55
23,5,56
23,5,57
23,5,58
23,5,59
23,6,45
23,6,46
23,6,47
23,6,48
23,6,49
23,6,50
23,6,51
23,6,52
23,6,53
23,6,54
23,6,55
23,6,56
23,6,57
23,7,42
23,7,43
23,7,44
23,7,45
23,7,46
23,7,47
23,7,48
23,7,49
23,7,50
23,7,51
23,7,52
23,7,53
23,7,54
23,8,39
23,8,40
23,8,41
23,8,42
23,8,43
23,8,44
23,8,45
23,8,46
23,8,47
23,8,48
23,8,49
23,8,50
23,8,51
23,8,52
23,9,35
23,9,36
23,9,37
23,9,38
23,9,39
23,9,40
23,9,41
23,9,42
23,9,43
23,9,44
23,9,45
23,9,46
23,9,47
23,9,48
23,9,49
23,9,50
23,10,32
23,10,33
23,10,34
23,10,35
23,10,36
23,10,37
23,10,38
23,10,39
23,10,40
23,10,41
23,10,42
23,10,43
23,10,44
23,10,45
23,10,46
23,10,47
23,11,27
23,11,28
23,11,29
23,11,30
23,11,31
23,11,32
23,11,33
23,11,34
23,11,35
23,11,36
23,11,37
23,11,38
23,11,39
23,11,40
23,11,41
23,11,42
23,11,43
23,11,44
23,12,21
23,12,22
23,12,23
23,12,24
23,12,25
23,12,26
23,12,27
23,12,28
23,12,29
23,12,30
23,12,31
23,12,32
23,12,33
23,12,34
23,12,35
23,12,36
23,12,37
23,12,38
23,12,39
23,12,40
23,12,41
23,13,13
23,13,14
23,13,15
23,13,16
23,13,17
23,13,18
23,13,19
23,13,20
23,13,21
23,13,22
23,13,23
23,13,24
23,13,25
23,13,26
23,13,27
23,13,28
23,13,29
23,13,30
23,13,31
23,13,32
23,13,33
23,13,34
23,13,35
23,13,36
23,13,37
23,14,1
23,14,2
23,14,3
23,14,4
23,14,5
23,14,6
23,14,7
23,14,8
23,14,9
23,14,10
23,14,11
23,14,12
23,14,13
23,14,14
23,14,15
23,14,16
23,14,17
23,14,18
23,14,19
23,14,20
23,14,21
23,14,22
23,14,23
23,14,24
23,14,25
23,14,26
23,14,27
23,14,28
23,14,29
23,14,30
23,14,31
23,14,32
23,14,33
23,15,0
23,15,1
23,15,2
23,15,3
23,15,4
23,15,5
23,15,6
23,15,7
23,15,8
23,15,9
23,15,10
23,15,11
23,15,12
23,15,13
23,15,14
23,15,15
23,15,16
23,15,17
23,15,18
23,15,19
23,15,20
23,15,21
23,15,22
23,15,23
23,15,24
23,15,25
23,15,26
23,15,27
23,15,28
23,16,0
23,16,1
23,16,2
23,16,3
23,16,4
23,16,5
23,16,6
23,16,7
23,16,8
23,16,9
23,16,10
23,16,11
23,16,12
23,16,13
23,16,14
23,16,15
23,16,16
23,16,17
23,16,18
23,16,19
23,16,20
23,16,21
23,17,0
23,17,1
23,17,2
23,17,3
23,17,4
23,17,5
23,17,6
23,17,7
23,17,8
23,17,9
23,17,10
23,17,11
24,0,59
24,0,60
24,0,61
24,0,62
24,0,63
24,0,64
24,0,65
24,0,66
24,0,67
24,1,56
24,1,57
24,1,58
24,1,59
24,1,60
24,1,61
24,1,62
24,1,63
24,1,64
24,1,65
24,2,54
24,2,55
24,2,56
24,2,57
24,2,58
24,2,59
24,2,60
24,2,61
24,2,62
24,2,63
24,2,64
24,3,51
24,3,52
24,3,53
24,3,54
24,3,55
24,3,56
24,3,57
24,3,58
24,3,59
24,3,60
24,3,61
24,3,62
24,4,49
24,4,50
24,4,51
24,4,52
24,4,53
24,4,54
24,4,55
24,4,56
24,4,57
24,4,58
24,4,59
24,4,60
24,5,46
24,5,47
24,5,48
24,5,49
24,5,50
24,5,51
24,5,52
24,5,53
24,5,54
24,5,55
24,5,56
24,5,57
24,5,58
24,6,43
24,6,44
24,6,45
24,6,46
24,6,47
24,6,48
24,6,49
24,6,50
24,6,51
24,6,52
24,6,53
24,6,54
24,6,55
24,7,40
24,7,41
24,7,42
24,7,43
24,7,44
24,7,45
24,7,46
24,7,47
24,7,48
24,7,49
24,7,50
24,7,51
24,7,52
24,7,53
24,8,37
24,8,38
24,8,39
24,8,40
24,8,41
24,8,42
24,8,43
24,8,44
24,8,45
24,8,46
24,8,47
24,8,48
24,8,49
24,8,50
24,8,51
24,9,33
24,9,34
24,9,35
24,9,36
24,9,37
24,9,38
24,9,39
24,9,40
24,9,41
24,9,42
24,9,43
24,9,44
24,9,45
24,9,46
24,9,47
24,9,48
24,10,29
24,10,30
24,10,31
24,10,32
24,10,33
24,10,34
24,10,35
24,10,36
24,10,37
24,10,38
24,10,39
24,10,40
24,10,41
24,10,42
24,10,43
24,10,44
24,10,45
24,10,46
24,11,24
24,11,25
24,11,26
24,11,27
24,11,28
24,11,29
24,11,30
24,11,31
24,11,32
24,11,33
24,11,34
24,11,35
24,11,36
24,11,37
24,11,38
24,11,39
24,11,40
24,11,41
24,11,42
24,11,43
24,12,18
24,12,19
24,12,20
24,12,21
24,12,22
24,12,23
24,12,24
24,12,25
24,12,26
24,12,27
24,12,28
24,12,29
24,12,30
24,12,31
24,12,32
24,12,33
24,12,34
24,12,35
24,12,36
24,12,37
24,12,38
24,12,39
24,13,8
24,13,9
24,13,10
24,13,11
24,13,12
24,13,13
24,13,14
24,13,15
24,13,16
24,13,17
24,13,18
24,13,19
24,13,20
24,13,21
24,13,22
24,13,23
24,13,24
24,13,25
24,13,26
24,13,27
24,13,28
24,13,29
24,13,30
24,13,31
24,13,32
24,13,33
24,13,34
24,13,35
24,14,0
24,14,1
24,14,2
24,14,3
24,14,4
24,14,5
24,14,6
24,14,7
24,14,8
24,14,9
24,14,10
24,14,11
24,14,12
24,14,13
24,14,14
24,14,15
24,14,16
24,14,17
24,14,18
24,14,19
24,14,20
24,14,21
24,14,22
24,14,23
24,14,24
24,14,25
24,14,26
24,14,27
24,14,28
24,14,29
24,14,30
24,14,31
24,15,0
24,15,1
24,15,2
24,15,3
24,15,4
24,15,5
24,15,6
24,15,7
24,15,8
24,15,9
24,15,10
24,15,11
24,15,12
24,15,13
24,15,14
24,15,15
24,15,16
24,15,17
24,15,18
24,15,19
24,15,20
24,15,21
24,15,22
24,15,23
24,15,24
24,15,25
24,16,0
24,16,1
24,16,2
24,16,3
24,16,4
24,16,5
24,16,6
24,16,7
24,16,8
24,16,9
24,16,10
24,16,11
24,16,12
24,16,13
24,16,14
24,16,15
24,16,16
24,16,17
24,16,18
24,17,0
24,17,1
24,17,2
24,17,3
24,17,4
24,17,5
24,17,6
25,0,58
25,0,59
25,0,60
25,0,61
25,0,62
25,0,63
25,0,64
25,0,65
25,0,66
25,1,55
25,1,56
25,1,57
25,1,58
25,1,59
25,1,60
25,1,61
25,1,62
25,1,63
25,1,64
25,2,53
25,2,54
25,2,55
25,2,56
25,2,57
25,2,58
25,2,59
25,2,60
25,2,61
25,2,62
25,3,50
25,3,51
25,3,52
25,3,53
25,3,54
25,3,55
25,3,56
25,3,57
25,3,58
25,3,59
25,3,60
25,3,61
25,4,47
25,4,48
25,4,49
25,4,50
25,4,51
25,4,52
25,4,53
25,4,54
25,4,55
25,4,56
25,4,57
25,4,58
25,5,45
25,5,46
25,5,47
25,5,48
25,5,49
25,5,50
25,5,51
25,5,52
25,5,53
25,5,54
25,5,55
25,5,56
25,6,42
25,6,43
25,6,44
25,6,45
25,6,46
25,6,47
25,6,48
25,6,49
25,6,50
25,6,51
25,6,52
25,6,53
25,6,54
25,7,38
25,7,39
25,7,40
25,7,41
25,7,42
25,7,43
25,7,44
25,7,45
25,7,46
25,7,47
25,7,48
25,7,49
25,7,50
25,7,51
25,7,52
25,8,35
25,8,36
25,8,37
25,8,38
25,8,39
25,8,40
25,8,41
25,8,42
25,8,43
25,8,44
25,8,45
25,8,46
25,8,47
25,8,48
25,8,49
25,9,31
25,9,32
25,9,33
25,9,34
25,9,35
25,9,36
25,9,37
25,9,38
25,9,39
25,9,40
25,9,41
25,9,42
25,9,43
25,9,44
25,9,45
25,9,46
25,9,47
25,10,26
25,10,27
25,10,28
25,10,29
25,10,30
25,10,31
25,10,32
25,10,33
25,10,34
25,10,35
25,10,36
25,10,37
25,10,38
25,10,39
25,10,40
25,10,41
25,10,42
25,10,43
25,10,44
25,11,21
25,11,22
25,11,23
25,11,24
25,11,25
25,11,26
25,11,27
25,11,28
25,11,29
25,11,30
25,11,31
25,11,32
25,11,33
25,11,34
25,11,35
25,11,36
25,11,37
25,11,38
25,11,39
25,11,40
25,11,41
25,12,13
25,12,14
25,12,15
25,12,16
25,12,17
25,12,18
25,12,19
25,12,20
25,12,21
25,12,22
25,12,23
25,12,24
25,12,25
25,12,26
25,12,27
25,12,28
25,12,29
25,12,30
25,12,31
25,12,32
25,12,33
25,12,34
25,12,35
25,12,36
25,12,37
25,13,2
25,13,3
25,13,4
25,13,5
25,13,6
25,13,7
25,13,8
25,13,9
25,13,10
25,13,11
25,13,12
25,13,13
25,13,14
25,13,15
25,13,16
25,13,17
25,13,18
25,13,19
25,13,20
25,13,21
25,13,22
25,13,23
25,13,24
25,13,25
25,13,26
25,13,27
25,13,28
25,13,29
25,13,30
25,13,31
25,13,32
25,13,33
25,14,0
25,14,1
25,14,2
25,14,3
25,14,4
25,14,5
25,14,6
25,14,7
25,14,8
25,14,9
25,14,10
25,14,11
25,14,12
25,14,13
25,14,14
25,14,15
25,14,16
25,14,17
25,14,18
25,14,19
25,14,20
25,14,21
25,14,22
25,14,23
25,14,24
25,14,25
25,14,26
25,14,27
25,14,28
25,15,0
25,15,1
25,15,2
25,15,3
25,15,4
25,15,5
25,15,6
25,15,7
25,15,8
25,15,9
25,15,10
25,15,11
25,15,12
25,15,13
25,15,14
25,15,15
25,15,16
25,15,17
25,15,18
25,15,19
25,15,20
25,15,21
25,15,22
25,16,0
25,16,1
25,16,2
25,16,3
25,16,4
25,16,5
25,16,6
25,16,7
25,16,8
25,16,9
25,16,10
25,16,11
25,16,12
25,16,13
25,17,0
26,0,57
26,0,58
26,0,59
26,0,60
26,0,61
26,0,62
26,0,63
26,0,64
26,0,65
26,1,53
26,1,54
26,1,55
26,1,56
26,1,57
26,1,58
26,1,59
26,1,60
26,1,61
26,1,62
26,1,63
26,2,51
26,2,52
26,2,53
26,2,54
26,2,55
26,2,56
26,2,57
26,2,58
26,2,59
26,2,60
26,2,61
26,3,49
26,3,50
26,3,51
26,3,52
26,3,53
26,3,54
26,3,55
26,3,56
26,3,57
26,3,58
26,3,59
26,4,46
26,4,47
26,4,48
26,4,49
26,4,50
26,4,51
26,4,52
26,4,53
26,4,54
26,4,55
26,4,56
26,4,57
26,5,43
26,5,44
26,5,45
26,5,46
26,5,47
26,5,48
26,5,49
26,5,50
26,5,51
26,5,52
26,5,53
26,5,54
26,5,55
26,6,40
26,6,41
26,6,42
26,6,43
26,6,44
26,6,45
26,6,46
26,6,47
26,6,48
26,6,49
26,6,50
26,6,51
26,6,52
26,6,53
26,7,36
26,7,37
26,7,38
26,7,39
26,7,40
26,7,41
26,7,42
26,7,43
26,7,44
26,7,45
26,7,46
26,7,47
26,7,48
26,7,49
26,7,50
26,8,33
26,8,34
26,8,35
26,8,36
26,8,37
26,8,38
26,8,39
26,8,40
26,8,41
26,8,42
26,8,43
26,8,44
26,8,45
26,8,46
26,8,47
26,8,48
26,9,28
26,9,29
26,9,30
26,9,31
26,9,32
26,9,33
26,9,34
26,9,35
26,9,36
26,9,37
26,9,38
26,9,39
26,9,40
26,9,41
26,9,42
26,9,43
26,9,44
26,9,45
26,10,23
26,10,24
26,10,25
26,10,26
26,10,27
26,10,28
26,10,29
26,10,30
26,10,31
26,10,32
26,10,33
26,10,34
26,10,35
26,10,36
26,10,37
26,10,38
26,10,39
26,10,40
26,10,41
26,10,42
26,11,17
26,11,18
26,11,19
26,11,20
26,11,21
26,11,22
26,11,23
26,11,24
26,11,25
26,11,26
26,11,27
26,11,28
26,11,29
26,11,30
26,11,31
26,11,32
26,11,33
26,11,34
26,11,35
26,11,36
26,11,37
26,11,38
26,11,39
26,12,8
26,12,9
26,12,10
26,12,11
26,12,12
26,12,13
26,12,14
26,12,15
26,12,16
26,12,17
26,12,18
26,12,19
26,12,20
26,12,21
26,12,22
26,12,23
26,12,24
26,12,25
26,12,26
26,12,27
26,12,28
26,12,29
26,12,30
26,12,31
26,12,32
26,12,33
26,12,34
26,12,35
26,13,0
26,13,1
26,13,2
26,13,3
26,13,4
26,13,5
26,13,6
26,13,7
26,13,8
26,13,9
26,13,10
26,13,11
26,13,12
26,13,13
26,13,14
26,13,15
26,13,16
26,13,17
26,13,18
26,13,19
26,13,20
26,13,21
26,13,22
26,13,23
26,13,24
26,13,25
26,13,26
26,13,27
26,13,28
26,13,29
26,13,30
26,13,31
26,14,0
26,14,1
26,14,2
26,14,3
26,14,4
26,14,5
26,14,6
26,14,7
26,14,8
26,14,9
26,14,10
26,14,11
26,14,12
26,14,13
26,14,14
26,14,15
26,14,16
26,14,17
26,14,18
26,14,19
26,14,20
26,14,21
26,14,22
26,14,23
26,14,24
26,14,25
26,14,26
26,15,0
26,15,1
26,15,2
26,15,3
26,15,4
26,15,5
26,15,6
26,15,7
26,15,8
26,15,9
26,15,10
26,15,11
26,15,12
26,15,13
26,15,14
26,15,15
26,15,16
26,15,17
26,15,18
26,15,19
26,16,0
26,16,1
26,16,2
26,16,3
26,16,4
26,16,5
26,16,6
26,16,7
26,16,8
28,0,54
28,0,55
28,0,56
28,0,57
28,0,58
28,0,59
28,0,60
28,0,61
28,0,62
28,0,63
28,1,50
28,1,51
28,1,52
28,1,53
28,1,54
28,1,55
28,1,56
28,1,57
28,1,58
28,1,59
28,1,60
28,1,61
28,2,48
28,2,49
28,2,50
28,2,51
28,2,52
28,2,53
28,2,54
28,2,55
28,2,56
28,2,57
28,2,58
28,2,59
28,3,45
28,3,46
28,3,47
28,3,48
28,3,49
28,3,50
28,3,51
28,3,52
28,3,53
28,3,54
28,3,55
28,3,56
28,3,57
28,4,42
28,4,43
28,4,44
28,4,45
28,4,46
28,4,47
28,4,48
28,4,49
28,4,50
28,4,51
28,4,52
28,4,53
28,4,54
28,5,39
28,5,40
28,5,41
28,5,42
28,5,43
28,5,44
28,5,45
28,5,46
28,5,47
28,5,48
28,5,49
28,5,50
28,5,51
28,5,52
28,6,35
28,6,36
28,6,37
28,6,38
28,6,39
28,6,40
28,6,41
28,6,42
28,6,43
28,6,44
28,6,45
28,6,46
28,6,47
28,6,48
28,6,49
28,6,50
28,7,32
28,7,33
28,7,34
28,7,35
28,7,36
28,7,37
28,7,38
28,7,39
28,7,40
28,7,41
28,7,42
28,7,43
28,7,44
28,7,45
28,7,46
28,7,47
28,8,27
28,8,28
28,8,29
28,8,30
28,8,31
28,8,32
28,8,33
28,8,34
28,8,35
28,8,36
28,8,37
28,8,38
28,8,39
28,8,40
28,8,41
28,8,42
28,8,43
28,8,44
28,9,22
28,9,23
28,9,24
28,9,25
28,9,26
28,9,27
28,9,28
28,9,29
28,9,30
28,9,31
28,9,32
28,9,33
28,9,34
28,9,35
28,9,36
28,9,37
28,9,38
28,9,39
28,9,40
28,9,41
28,10,15
28,10,16
28,10,17
28,10,18
28,10,19
28,10,20
28,10,21
28,10,22
28,10,23
28,10,24
28,10,25
28,10,26
28,10,27
28,10,28
28,10,29
28,10,30
28,10,31
28,10,32
28,10,33
28,10,34
28,10,35
28,10,36
28,10,37
28,10,38
28,11,6
28,11,7
28,11,8
28,11,9
28,11,10
28,11,11
28,11,12
28,11,13
28,11,14
28,11,15
28,11,16
28,11,17
28,11,18
28,11,19
28,11,20
28,11,21
28,11,22
28,11,23
28,11,24
28,11,25
28,11,26
28,11,27
28,11,28
28,11,29
28,11,30
28,11,31
28,11,32
28,11,33
28,11,34
28,11,35
28,12,0
28,12,1
28,12,2
28,12,3
28,12,4
28,12,5
28,12,6
28,12,7
28,12,8
28,12,9
28,12,10
28,12,11
28,12,12
28,12,13
28,12,14
28,12,15
28,12,16
28,12,17
28,12,18
28,12,19
28,12,20
28,12,21
28,12,22
28,12,23
28,12,24
28,12,25
28,12,26
28,12,27
28,12,28
28,12,29
28,12,30
28,12,31
28,13,0
28,13,1
28,13,2
28,13,3
28,13,4
28,13,5
28,13,6
28,13,7
28,13,8
28,13,9
28,13,10
28,13,11
28,13,12
28,13,13
28,13,14
28,13,15
28,13,16
28,13,17
28,13,18
28,13,19
28,13,20
28,13,21
28,13,22
28,13,23
28,13,24
28,13,25
28,14,0
28,14,1
28,14,2
28,14,3
28,14,4
28,14,5
28,14,6
28,14,7
28,14,8
28,14,9
28,14,10
28,14,11
28,14,12
28,14,13
28,14,14
28,14,15
28,14,16
28,14,17
28,14,18
28,14,19
28,15,0
28,15,1
28,15,2
28,15,3
28,15,4
28,15,5
28,15,6
28,15,7
28,15,8
28,15,9
29,0,52
29,0,53
29,0,54
29,0,55
29,0,56
29,0,57
29,0,58
29,0,59
29,0,60
29,0,61
29,1,49
29,1,50
29,1,51
29,1,52
29,1,53
29,1,54
29,1,55
29,1,56
29,1,57
29,1,58
29,1,59
29,2,46
29,2,47
29,2,48
29,2,49
29,2,50
29,2,51
29,2,52
29,2,53
29,2,54
29,2,55
29,2,56
29,2,57
29,3,43
29,3,44
29,3,45
29,3,46
29,3,47
29,3,48
29,3,49
29,3,50
29,3,51
29,3,52
29,3,53
29,3,54
29,3,55
29,4,40
29,4,41
29,4,42
29,4,43
29,4,44
29,4,45
29,4,46
29,4,47
29,4,48
29,4,49
29,4,50
29,4,51
29,4,52
29,4,53
29,5,37
29,5,38
29,5,39
29,5,40
29,5,41
29,5,42
29,5,43
29,5,44
29,5,45
29,5,46
29,5,47
29,5,48
29,5,49
29,5,50
29,5,51
29,6,33
29,6,34
29,6,35
29,6,36
29,6,37
29,6,38
29,6,39
29,6,40
29,6,41
29,6,42
29,6,43
29,6,44
29,6,45
29,6,46
29,6,47
29,6,48
29,7,29
29,7,30
29,7,31
29,7,32
29,7,33
29,7,34
29,7,35
29,7,36
29,7,37
29,7,38
29,7,39
29,7,40
29,7,41
29,7,42
29,7,43
29,7,44
29,7,45
29,8,24
29,8,25
29,8,26
29,8,27
29,8,28
29,8,29
29,8,30
29,8,31
29,8,32
29,8,33
29,8,34
29,8,35
29,8,36
29,8,37
29,8,38
29,8,39
29,8,40
29,8,41
29,8,42
29,9,18
29,9,19
29,9,20
29,9,21
29,9,22
29,9,23
29,9,24
29,9,25
29,9,26
29,9,27
29,9,28
29,9,29
29,9,30
29,9,31
29,9,32
29,9,33
29,9,34
29,9,35
29,9,36
29,9,37
29,9,38
29,9,39
29,10,10
29,10,11
29,10,12
29,10,13
29,10,14
29,10,15
29,10,16
29,10,17
29,10,18
29,10,19
29,10,20
29,10,21
29,10,22
29,10,23
29,10,24
29,10,25
29,10,26
29,10,27
29,10,28
29,10,29
29,10,30
29,10,31
29,10,32
29,10,33
29,10,34
29,10,35
29,10,36
29,11,0
29,11,1
29,11,2
29,11,3
29,11,4
29,11,5
29,11,6
29,11,7
29,11,8
29,11,9
29,11,10
29,11,11
29,11,12
29,11,13
29,11,14
29,11,15
29,11,16
29,11,17
29,11,18
29,11,19
29,11,20
29,11,21
29,11,22
29,11,23
29,11,24
29,11,25
29,11,26
29,11,27
29,11,28
29,11,29
29,11,30
29,11,31
29,11,32
29,12,0
29,12,1
29,12,2
29,12,3
29,12,4
29,12,5
29,12,6
29,12,7
29,12,8
29,12,9
29,12,10
29,12,11
29,12,12
29,12,13
29,12,14
29,12,15
29,12,16
29,12,17
29,12,18
29,12,19
29,12,20
29,12,21
29,12,22
29,12,23
29,12,24
29,12,25
29,12,26
29,12,27
29,12,28
29,13,0
29,13,1
29,13,2
29,13,3
29,13,4
29,13,5
29,13,6
29,13,7
29,13,8
29,13,9
29,13,10
29,13,11
29,13,12
29,13,13
29,13,14
29,13,15
29,13,16
29,13,17
29,13,18
29,13,19
29,13,20
29,13,21
29,13,22
29,14,0
29,14,1
29,14,2
29,14,3
29,14,4
29,14,5
29,14,6
29,14,7
29,14,8
29,14,9
29,14,10
29,14,11
29,14,12
29,14,13
29,14,14
29,15,0
29,15,1
29,15,2
30,0,51
30,0,52
30,0,53
30,0,54
30,0,55
30,0,56
30,0,57
30,0,58
30,0,59
30,0,60
30,1,47
30,1,48
30,1,49
30,1,50
30,1,51
30,1,52
30,1,53
30,1,54
30,1,55
30,1,56
30,1,57
30,1,58
30,2,44
30,2,45
30,2,46
30,2,47
30,2,48
30,2,49
30,2,50
30,2,51
30,2,52
30,2,53
30,2,54
30,2,55
30,2,56
30,3,41
30,3,42
30,3,43
30,3,44
30,3,45
30,3,46
30,3,47
30,3,48
30,3,49
30,3,50
30,3,51
30,3,52
30,3,53
30,3,54
30,4,38
30,4,39
30,4,40
30,4,41
30,4,42
30,4,43
30,4,44
30,4,45
30,4,46
30,4,47
30,4,48
30,4,49
30,4,50
30,4,51
30,5,34
30,5,35
30,5,36
30,5,37
30,5,38
30,5,39
30,5,40
30,5,41
30,5,42
30,5,43
30,5,44
30,5,45
30,5,46
30,5,47
30,5,48
30,5,49
30,6,30
30,6,31
30,6,32
30,6,33
30,6,34
30,6,35
30,6,36
30,6,37
30,6,38
30,6,39
30,6,40
30,6,41
30,6,42
30,6,43
30,6,44
30,6,45
30,6,46
30,7,26
30,7,27
30,7,28
30,7,29
30,7,30
30,7,31
30,7,32
30,7,33
30,7,34
30,7,35
30,7,36
30,7,37
30,7,38
30,7,39
30,7,40
30,7,41
30,7,42
30,7,43
30,8,20
30,8,21
30,8,22
30,8,23
30,8,24
30,8,25
30,8,26
30,8,27
30,8,28
30,8,29
30,8,30
30,8,31
30,8,32
30,8,33
30,8,34
30,8,35
30,8,36
30,8,37
30,8,38
30,8,39
30,8,40
30,9,13
30,9,14
30,9,15
30,9,16
30,9,17
30,9,18
30,9,19
30,9,20
30,9,21
30,9,22
30,9,23
30,9,24
30,9,25
30,9,26
30,9,27
30,9,28
30,9,29
30,9,30
30,9,31
30,9,32
30,9,33
30,9,34
30,9,35
30,9,36
30,9,37
30,10,3
30,10,4
30,10,5
30,10,6
30,10,7
30,10,8
30,10,9
30,10,10
30,10,11
30,10,12
30,10,13
30,10,14
30,10,15
30,10,16
30,10,17
30,10,18
30,10,19
30,10,20
30,10,21
30,10,22
30,10,23
30,10,24
30,10,25
30,10,26
30,10,27
30,10,28
30,10,29
30,10,30
30,10,31
30,10,32
30,10,33
30,10,34
30,11,0
30,11,1
30,11,2
30,11,3
30,11,4
30,11,5
30,11,6
30,11,7
30,11,8
30,11,9
30,11,10
30,11,11
30,11,12
30,11,13
30,11,14
30,11,15
30,11,16
30,11,17
30,11,18
30,11,19
30,11,20
30,11,21
30,11,22
30,11,23
30,11,24
30,11,25
30,11,26
30,11,27
30,11,28
30,11,29
30,12,0
30,12,1
30,12,2
30,12,3
30,12,4
30,12,5
30,12,6
30,12,7
30,12,8
30,12,9
30,12,10
30,12,11
30,12,12
30,12,13
30,12,14
30,12,15
30,12,16
30,12,17
30,12,18
30,12,19
30,12,20
30,12,21
30,12,22
30,12,23
30,12,24
30,13,0
30,13,1
30,13,2
30,13,3
30,13,4
30,13,5
30,13,6
30,13,7
30,13,8
30,13,9
30,13,10
30,13,11
30,13,12
30,13,13
30,13,14
30,13,15
30,13,16
30,13,17
30,13,18
30,14,0
30,14,1
30,14,2
30,14,3
30,14,4
30,14,5
30,14,6
30,14,7
30,14,8
27,0,55
27,0,56
27,0,57
27,0,58
27,0,59
27,0,60
27,0,61
27,0,62
27,0,63
27,0,64
27,1,52
27,1,53
27,1,54
27,1,55
27,1,56
27,1,57
27,1,58
27,1,59
27,1,60
27,1,61
27,1,62
27,2,49
27,2,50
27,2,51
27,2,52
27,2,53
27,2,54
27,2,55
27,2,56
27,2,57
27,2,58
27,2,59
27,2,60
27,3,47
27,3,48
27,3,49
27,3,50
27,3,51
27,3,52
27,3,53
27,3,54
27,3,55
27,3,56
27,3,57
27,3,58
27,4,44
27,4,45
27,4,46
27,4,47
27,4,48
27,4,49
27,4,50
27,4,51
27,4,52
27,4,53
27,4,54
27,4,55
27,4,56
27,5,41
27,5,42
27,5,43
27,5,44
27,5,45
27,5,46
27,5,47
27,5,48
27,5,49
27,5,50
27,5,51
27,5,52
27,5,53
27,5,54
27,6,38
27,6,39
27,6,40
27,6,41
27,6,42
27,6,43
27,6,44
27,6,45
27,6,46
27,6,47
27,6,48
27,6,49
27,6,50
27,6,51
27,7,34
27,7,35
27,7,36
27,7,37
27,7,38
27,7,39
27,7,40
27,7,41
27,7,42
27,7,43
27,7,44
27,7,45
27,7,46
27,7,47
27,7,48
27,7,49
27,8,30
27,8,31
27,8,32
27,8,33
27,8,34
27,8,35
27,8,36
27,8,37
27,8,38
27,8,39
27,8,40
27,8,41
27,8,42
27,8,43
27,8,44
27,8,45
27,8,46
27,9,25
27,9,26
27,9,27
27,9,28
27,9,29
27,9,30
27,9,31
27,9,32
27,9,33
27,9,34
27,9,35
27,9,36
27,9,37
27,9,38
27,9,39
27,9,40
27,9,41
27,9,42
27,9,43
27,10,20
27,10,21
27,10,22
27,10,23
27,10,24
27,10,25
27,10,26
27,10,27
27,10,28
27,10,29
27,10,30
27,10,31
27,10,32
27,10,33
27,10,34
27,10,35
27,10,36
27,10,37
27,10,38
27,10,39
27,10,40
27,11,12
27,11,13
27,11,14
27,11,15
27,11,16
27,11,17
27,11,18
27,11,19
27,11,20
27,11,21
27,11,22
27,11,23
27,11,24
27,11,25
27,11,26
27,11,27
27,11,28
27,11,29
27,11,30
27,11,31
27,11,32
27,11,33
27,11,34
27,11,35
27,11,36
27,11,37
27,12,2
27,12,3
27,12,4
27,12,5
27,12,6
27,12,7
27,12,8
27,12,9
27,12,10
27,12,11
27,12,12
27,12,13
27,12,14
27,12,15
27,12,16
27,12,17
27,12,18
27,12,19
27,12,20
27,12,21
27,12,22
27,12,23
27,12,24
27,12,25
27,12,26
27,12,27
27,12,28
27,12,29
27,12,30
27,12,31
27,12,32
27,12,33
27,13,0
27,13,1
27,13,2
27,13,3
27,13,4
27,13,5
27,13,6
27,13,7
27,13,8
27,13,9
27,13,10
27,13,11
27,13,12
27,13,13
27,13,14
27,13,15
27,13,16
27,13,17
27,13,18
27,13,19
27,13,20
27,13,21
27,13,22
27,13,23
27,13,24
27,13,25
27,13,26
27,13,27
27,13,28
27,14,0
27,14,1
27,14,2
27,14,3
27,14,4
27,14,5
27,14,6
27,14,7
27,14,8
27,14,9
27,14,10
27,14,11
27,14,12
27,14,13
27,14,14
27,14,15
27,14,16
27,14,17
27,14,18
27,14,19
27,14,20
27,14,21
27,14,22
27,15,0
27,15,1
27,15,2
27,15,3
27,15,4
27,15,5
27,15,6
27,15,7
27,15,8
27,15,9
27,15,10
27,15,11
27,15,12
27,15,13
27,15,14
27,16,0
27,16,1
27,16,2
31,0,49
31,0,50
31,0,51
31,0,52
31,0,53
31,0,54
31,0,55
31,0,56
31,0,57
31,0,58
31,0,59
31,1,45
31,1,46
31,1,47
31,1,48
31,1,49
31,1,50
31,1,51
31,1,52
31,1,53
31,1,54
31,1,55
31,1,56
31,1,57
31,2,42
31,2,43
31,2,44
31,2,45
31,2,46
31,2,47
31,2,48
31,2,49
31,2,50
31,2,51
31,2,52
31,2,53
31,2,54
31,3,39
31,3,40
31,3,41
31,3,42
31,3,43
31,3,44
31,3,45
31,3,46
31,3,47
31,3,48
31,3,49
31,3,50
31,3,51
31,3,52
31,4,35
31,4,36
31,4,37
31,4,38
31,4,39
31,4,40
31,4,41
31,4,42
31,4,43
31,4,44
31,4,45
31,4,46
31,4,47
31,4,48
31,4,49
31,4,50
31,5,31
31,5,32
31,5,33
31,5,34
31,5,35
31,5,36
31,5,37
31,5,38
31,5,39
31,5,40
31,5,41
31,5,42
31,5,43
31,5,44
31,5,45
31,5,46
31,5,47
31,6,27
31,6,28
31,6,29
31,6,30
31,6,31
31,6,32
31,6,33
31,6,34
31,6,35
31,6,36
31,6,37
31,6,38
31,6,39
31,6,40
31,6,41
31,6,42
31,6,43
31,6,44
31,7,22
31,7,23
31,7,24
31,7,25
31,7,26
31,7,27
31,7,28
31,7,29
31,7,30
31,7,31
31,7,32
31,7,33
31,7,34
31,7,35
31,7,36
31,7,37
31,7,38
31,7,39
31,7,40
31,7,41
31,8,15
31,8,16
31,8,17
31,8,18
31,8,19
31,8,20
31,8,21
31,8,22
31,8,23
31,8,24
31,8,25
31,8,26
31,8,27
31,8,28
31,8,29
31,8,30
31,8,31
31,8,32
31,8,33
31,8,34
31,8,35
31,8,36
31,8,37
31,8,38
31,9,6
31,9,7
31,9,8
31,9,9
31,9,10
31,9,11
31,9,12
31,9,13
31,9,14
31,9,15
31,9,16
31,9,17
31,9,18
31,9,19
31,9,20
31,9,21
31,9,22
31,9,23
31,9,24
31,9,25
31,9,26
31,9,27
31,9,28
31,9,29
31,9,30
31,9,31
31,9,32
31,9,33
31,9,34
31,9,35
31,10,0
31,10,1
31,10,2
31,10,3
31,10,4
31,10,5
31,10,6
31,10,7
31,10,8
31,10,9
31,10,10
31,10,11
31,10,12
31,10,13
31,10,14
31,10,15
31,10,16
31,10,17
31,10,18
31,10,19
31,10,20
31,10,21
31,10,22
31,10,23
31,10,24
31,10,25
31,10,26
31,10,27
31,10,28
31,10,29
31,10,30
31,10,31
31,11,0
31,11,1
31,11,2
31,11,3
31,11,4
31,11,5
31,11,6
31,11,7
31,11,8
31,11,9
31,11,10
31,11,11
31,11,12
31,11,13
31,11,14
31,11,15
31,11,16
31,11,17
31,11,18
31,11,19
31,11,20
31,11,21
31,11,22
31,11,23
31,11,24
31,11,25
31,11,26
31,12,0
31,12,1
31,12,2
31,12,3
31,12,4
31,12,5
31,12,6
31,12,7
31,12,8
31,12,9
31,12,10
31,12,11
31,12,12
31,12,13
31,12,14
31,12,15
31,12,16
31,12,17
31,12,18
31,12,19
31,12,20
31,12,21
31,13,0
31,13,1
31,13,2
31,13,3
31,13,4
31,13,5
31,13,6
31,13,7
31,13,8
31,13,9
31,13,10
31,13,11
31,13,12
31,13,13
31,14,0
31,14,1
32,0,47
32,0,48
32,0,49
32,0,50
32,0,51
32,0,52
32,0,53
32,0,54
32,0,55
32,0,56
32,0,57
32,1,43
32,1,44
32,1,45
32,1,46
32,1,47
32,1,48
32,1,49
32,1,50
32,1,51
32,1,52
32,1,53
32,1,54
32,1,55
32,2,40
32,2,41
32,2,42
32,2,43
32,2,44
32,2,45
32,2,46
32,2,47
32,2,48
32,2,49
32,2,50
32,2,51
32,2,52
32,2,53
32,3,36
32,3,37
32,3,38
32,3,39
32,3,40
32,3,41
32,3,42
32,3,43
32,3,44
32,3,45
32,3,46
32,3,47
32,3,48
32,3,49
32,3,50
32,4,32
32,4,33
32,4,34
32,4,35
32,4,36
32,4,37
32,4,38
32,4,39
32,4,40
32,4,41
32,4,42
32,4,43
32,4,44
32,4,45
32,4,46
32,4,47
32,4,48
32,5,28
32,5,29
32,5,30
32,5,31
32,5,32
32,5,33
32,5,34
32,5,35
32,5,36
32,5,37
32,5,38
32,5,39
32,5,40
32,5,41
32,5,42
32,5,43
32,5,44
32,5,45
32,6,23
32,6,24
32,6,25
32,6,26
32,6,27
32,6,28
32,6,29
32,6,30
32,6,31
32,6,32
32,6,33
32,6,34
32,6,35
32,6,36
32,6,37
32,6,38
32,6,39
32,6,40
32,6,41
32,6,42
32,7,17
32,7,18
32,7,19
32,7,20
32,7,21
32,7,22
32,7,23
32,7,24
32,7,25
32,7,26
32,7,27
32,7,28
32,7,29
32,7,30
32,7,31
32,7,32
32,7,33
32,7,34
32,7,35
32,7,36
32,7,37
32,7,38
32,7,39
32,8,8
32,8,9
32,8,10
32,8,11
32,8,12
32,8,13
32,8,14
32,8,15
32,8,16
32,8,17
32,8,18
32,8,19
32,8,20
32,8,21
32,8,22
32,8,23
32,8,24
32,8,25
32,8,26
32,8,27
32,8,28
32,8,29
32,8,30
32,8,31
32,8,32
32,8,33
32,8,34
32,8,35
32,8,36
32,9,0
32,9,1
32,9,2
32,9,3
32,9,4
32,9,5
32,9,6
32,9,7
32,9,8
32,9,9
32,9,10
32,9,11
32,9,12
32,9,13
32,9,14
32,9,15
32,9,16
32,9,17
32,9,18
32,9,19
32,9,20
32,9,21
32,9,22
32,9,23
32,9,24
32,9,25
32,9,26
32,9,27
32,9,28
32,9,29
32,9,30
32,9,31
32,9,32
32,10,0
32,10,1
32,10,2
32,10,3
32,10,4
32,10,5
32,10,6
32,10,7
32,10,8
32,10,9
32,10,10
32,10,11
32,10,12
32,10,13
32,10,14
32,10,15
32,10,16
32,10,17
32,10,18
32,10,19
32,10,20
32,10,21
32,10,22
32,10,23
32,10,24
32,10,25
32,10,26
32,10,27
32,10,28
32,11,0
32,11,1
32,11,2
32,11,3
32,11,4
32,11,5
32,11,6
32,11,7
32,11,8
32,11,9
32,11,10
32,11,11
32,11,12
32,11,13
32,11,14
32,11,15
32,11,16
32,11,17
32,11,18
32,11,19
32,11,20
32,11,21
32,11,22
32,11,23
32,12,0
32,12,1
32,12,2
32,12,3
32,12,4
32,12,5
32,12,6
32,12,7
32,12,8
32,12,9
32,12,10
32,12,11
32,12,12
32,12,13
32,12,14
32,12,15
32,12,16
32,13,0
32,13,1
32,13,2
32,13,3
32,13,4
32,13,5
32,13,6
33,0,45
33,0,46
33,0,47
33,0,48
33,0,49
33,0,50
33,0,51
33,0,52
33,0,53
33,0,54
33,0,55
33,0,56
33,1,40
33,1,41
33,1,42
33,1,43
33,1,44
33,1,45
33,1,46
33,1,47
33,1,48
33,1,49
33,1,50
33,1,51
33,1,52
33,1,53
33,2,37
33,2,38
33,2,39
33,2,40
33,2,41
33,2,42
33,2,43
33,2,44
33,2,45
33,2,46
33,2,47
33,2,48
33,2,49
33,2,50
33,2,51
33,3,33
33,3,34
33,3,35
33,3,36
33,3,37
33,3,38
33,3,39
33,3,40
33,3,41
33,3,42
33,3,43
33,3,44
33,3,45
33,3,46
33,3,47
33,3,48
33,4,29
33,4,30
33,4,31
33,4,32
33,4,33
33,4,34
33,4,35
33,4,36
33,4,37
33,4,38
33,4,39
33,4,40
33,4,41
33,4,42
33,4,43
33,4,44
33,4,45
33,4,46
33,5,25
33,5,26
33,5,27
33,5,28
33,5,29
33,5,30
33,5,31
33,5,32
33,5,33
33,5,34
33,5,35
33,5,36
33,5,37
33,5,38
33,5,39
33,5,40
33,5,41
33,5,42
33,5,43
33,6,19
33,6,20
33,6,21
33,6,22
33,6,23
33,6,24
33,6,25
33,6,26
33,6,27
33,6,28
33,6,29
33,6,30
33,6,31
33,6,32
33,6,33
33,6,34
33,6,35
33,6,36
33,6,37
33,6,38
33,6,39
33,6,40
33,7,11
33,7,12
33,7,13
33,7,14
33,7,15
33,7,16
33,7,17
33,7,18
33,7,19
33,7,20
33,7,21
33,7,22
33,7,23
33,7,24
33,7,25
33,7,26
33,7,27
33,7,28
33,7,29
33,7,30
33,7,31
33,7,32
33,7,33
33,7,34
33,7,35
33,7,36
33,7,37
33,8,1
33,8,2
33,8,3
33,8,4
33,8,5
33,8,6
33,8,7
33,8,8
33,8,9
33,8,10
33,8,11
33,8,12
33,8,13
33,8,14
33,8,15
33,8,16
33,8,17
33,8,18
33,8,19
33,8,20
33,8,21
33,8,22
33,8,23
33,8,24
33,8,25
33,8,26
33,8,27
33,8,28
33,8,29
33,8,30
33,8,31
33,8,32
33,8,33
33,9,0
33,9,1
33,9,2
33,9,3
33,9,4
33,9,5
33,9,6
33,9,7
33,9,8
33,9,9
33,9,10
33,9,11
33,9,12
33,9,13
33,9,14
33,9,15
33,9,16
33,9,17
33,9,18
33,9,19
33,9,20
33,9,21
33,9,22
33,9,23
33,9,24
33,9,25
33,9,26
33,9,27
33,9,28
33,9,29
33,10,0
33,10,1
33,10,2
33,10,3
33,10,4
33,10,5
33,10,6
33,10,7
33,10,8
33,10,9
33,10,10
33,10,11
33,10,12
33,10,13
33,10,14
33,10,15
33,10,16
33,10,17
33,10,18
33,10,19
33,10,20
33,10,21
33,10,22
33,10,23
33,10,24
33,11,0
33,11,1
33,11,2
33,11,3
33,11,4
33,11,5
33,11,6
33,11,7
33,11,8
33,11,9
33,11,10
33,11,11
33,11,12
33,11,13
33,11,14
33,11,15
33,11,16
33,11,17
33,11,18
33,12,0
33,12,1
33,12,2
33,12,3
33,12,4
33,12,5
33,12,6
33,12,7
33,12,8
33,12,9
33,12,10
34,0,42
34,0,43
34,0,44
34,0,45
34,0,46
34,0,47
34,0,48
34,0,49
34,0,50
34,0,51
34,0,52
34,0,53
34,0,54
34,1,38
34,1,39
34,1,40
34,1,41
34,1,42
34,1,43
34,1,44
34,1,45
34,1,46
34,1,47
34,1,48
34,1,49
34,1,50
34,1,51
34,2,34
34,2,35
34,2,36
34,2,37
34,2,38
34,2,39
34,2,40
34,2,41
34,2,42
34,2,43
34,2,44
34,2,45
34,2,46
34,2,47
34,2,48
34,2,49
34,3,30
34,3,31
34,3,32
34,3,33
34,3,34
34,3,35
34,3,36
34,3,37
34,3,38
34,3,39
34,3,40
34,3,41
34,3,42
34,3,43
34,3,44
34,3,45
34,3,46
34,4,26
34,4,27
34,4,28
34,4,29
34,4,30
34,4,31
34,4,32
34,4,33
34,4,34
34,4,35
34,4,36
34,4,37
34,4,38
34,4,39
34,4,40
34,4,41
34,4,42
34,4,43
34,4,44
34,5,20
34,5,21
34,5,22
34,5,23
34,5,24
34,5,25
34,5,26
34,5,27
34,5,28
34,5,29
34,5,30
34,5,31
34,5,32
34,5,33
34,5,34
34,5,35
34,5,36
34,5,37
34,5,38
34,5,39
34,5,40
34,5,41
34,6,13
34,6,14
34,6,15
34,6,16
34,6,17
34,6,18
34,6,19
34,6,20
34,6,21
34,6,22
34,6,23
34,6,24
34,6,25
34,6,26
34,6,27
34,6,28
34,6,29
34,6,30
34,6,31
34,6,32
34,6,33
34,6,34
34,6,35
34,6,36
34,6,37
34,7,3
34,7,4
34,7,5
34,7,6
34,7,7
34,7,8
34,7,9
34,7,10
34,7,11
34,7,12
34,7,13
34,7,14
34,7,15
34,7,16
34,7,17
34,7,18
34,7,19
34,7,20
34,7,21
34,7,22
34,7,23
34,7,24
34,7,25
34,7,26
34,7,27
34,7,28
34,7,29
34,7,30
34,7,31
34,7,32
34,7,33
34,7,34
34,8,0
34,8,1
34,8,2
34,8,3
34,8,4
34,8,5
34,8,6
34,8,7
34,8,8
34,8,9
34,8,10
34,8,11
34,8,12
34,8,13
34,8,14
34,8,15
34,8,16
34,8,17
34,8,18
34,8,19
34,8,20
34,8,21
34,8,22
34,8,23
34,8,24
34,8,25
34,8,26
34,8,27
34,8,28
34,8,29
34,8,30
34,9,0
34,9,1
34,9,2
34,9,3
34,9,4
34,9,5
34,9,6
34,9,7
34,9,8
34,9,9
34,9,10
34,9,11
34,9,12
34,9,13
34,9,14
34,9,15
34,9,16
34,9,17
34,9,18
34,9,19
34,9,20
34,9,21
34,9,22
34,9,23
34,9,24
34,9,25
34,10,0
34,10,1
34,10,2
34,10,3
34,10,4
34,10,5
34,10,6
34,10,7
34,10,8
34,10,9
34,10,10
34,10,11
34,10,12
34,10,13
34,10,14
34,10,15
34,10,16
34,10,17
34,10,18
34,10,19
34,10,20
34,11,0
34,11,1
34,11,2
34,11,3
34,11,4
34,11,5
34,11,6
34,11,7
34,11,8
34,11,9
34,11,10
34,11,11
34,11,12
34,11,13
34,12,0
34,12,1
34,12,2
35,0,40
35,0,41
35,0,42
35,0,43
35,0,44
35,0,45
35,0,46
35,0,47
35,0,48
35,0,49
35,0,50
35,0,51
35,0,52
35,1,35
35,1,36
35,1,37
35,1,38
35,1,39
35,1,40
35,1,41
35,1,42
35,1,43
35,1,44
35,1,45
35,1,46
35,1,47
35,1,48
35,1,49
35,2,31
35,2,32
35,2,33
35,2,34
35,2,35
35,2,36
35,2,37
35,2,38
35,2,39
35,2,40
35,2,41
35,2,42
35,2,43
35,2,44
35,2,45
35,2,46
35,2,47
35,3,27
35,3,28
35,3,29
35,3,30
35,3,31
35,3,32
35,3,33
35,3,34
35,3,35
35,3,36
35,3,37
35,3,38
35,3,39
35,3,40
35,3,41
35,3,42
35,3,43
35,3,44
35,4,21
35,4,22
35,4,23
35,4,24
35,4,25
35,4,26
35,4,27
35,4,28
35,4,29
35,4,30
35,4,31
35,4,32
35,4,33
35,4,34
35,4,35
35,4,36
35,4,37
35,4,38
35,4,39
35,4,40
35,4,41
35,5,15
35,5,16
35,5,17
35,5,18
35,5,19
35,5,20
35,5,21
35,5,22
35,5,23
35,5,24
35,5,25
35,5,26
35,5,27
35,5,28
35,5,29
35,5,30
35,5,31
35,5,32
35,5,33
35,5,34
35,5,35
35,5,36
35,5,37
35,5,38
35,6,5
35,6,6
35,6,7
35,6,8
35,6,9
35,6,10
35,6,11
35,6,12
35,6,13
35,6,14
35,6,15
35,6,16
35,6,17
35,6,18
35,6,19
35,6,20
35,6,21
35,6,22
35,6,23
35,6,24
35,6,25
35,6,26
35,6,27
35,6,28
35,6,29
35,6,30
35,6,31
35,6,32
35,6,33
35,6,34
35,7,0
35,7,1
35,7,2
35,7,3
35,7,4
35,7,5
35,7,6
35,7,7
35,7,8
35,7,9
35,7,10
35,7,11
35,7,12
35,7,13
35,7,14
35,7,15
35,7,16
35,7,17
35,7,18
35,7,19
35,7,20
35,7,21
35,7,22
35,7,23
35,7,24
35,7,25
35,7,26
35,7,27
35,7,28
35,7,29
35,7,30
35,7,31
35,8,0
35,8,1
35,8,2
35,8,3
35,8,4
35,8,5
35,8,6
35,8,7
35,8,8
35,8,9
35,8,10
35,8,11
35,8,12
35,8,13
35,8,14
35,8,15
35,8,16
35,8,17
35,8,18
35,8,19
35,8,20
35,8,21
35,8,22
35,8,23
35,8,24
35,8,25
35,8,26
35,9,0
35,9,1
35,9,2
35,9,3
35,9,4
35,9,5
35,9,6
35,9,7
35,9,8
35,9,9
35,9,10
35,9,11
35,9,12
35,9,13
35,9,14
35,9,15
35,9,16
35,9,17
35,9,18
35,9,19
35,9,20
35,9,21
35,10,0
35,10,1
35,10,2
35,10,3
35,10,4
35,10,5
35,10,6
35,10,7
35,10,8
35,10,9
35,10,10
35,10,11
35,10,12
35,10,13
35,10,14
35,11,0
35,11,1
35,11,2
35,11,3
35,11,4
35,11,5
36,0,37
36,0,38
36,0,39
36,0,40
36,0,41
36,0,42
36,0,43
36,0,44
36,0,45
36,0,46
36,0,47
36,0,48
36,0,49
36,0,50
36,1,32
36,1,33
36,1,34
36,1,35
36,1,36
36,1,37
36,1,38
36,1,39
36,1,40
36,1,41
36,1,42
36,1,43
36,1,44
36,1,45
36,1,46
36,1,47
36,2,28
36,2,29
36,2,30
36,2,31
36,2,32
36,2,33
36,2,34
36,2,35
36,2,36
36,2,37
36,2,38
36,2,39
36,2,40
36,2,41
36,2,42
36,2,43
36,2,44
36,2,45
36,3,23
36,3,24
36,3,25
36,3,26
36,3,27
36,3,28
36,3,29
36,3,30
36,3,31
36,3,32
36,3,33
36,3,34
36,3,35
36,3,36
36,3,37
36,3,38
36,3,39
36,3,40
36,3,41
36,3,42
36,4,16
36,4,17
36,4,18
36,4,19
36,4,20
36,4,21
36,4,22
36,4,23
36,4,24
36,4,25
36,4,26
36,4,27
36,4,28
36,4,29
36,4,30
36,4,31
36,4,32
36,4,33
36,4,34
36,4,35
36,4,36
36,4,37
36,4,38
36,4,39
36,5,7
36,5,8
36,5,9
36,5,10
36,5,11
36,5,12
36,5,13
36,5,14
36,5,15
36,5,16
36,5,17
36,5,18
36,5,19
36,5,20
36,5,21
36,5,22
36,5,23
36,5,24
36,5,25
36,5,26
36,5,27
36,5,28
36,5,29
36,5,30
36,5,31
36,5,32
36,5,33
36,5,34
36,5,35
36,6,0
36,6,1
36,6,2
36,6,3
36,6,4
36,6,5
36,6,6
36,6,7
36,6,8
36,6,9
36,6,10
36,6,11
36,6,12
36,6,13
36,6,14
36,6,15
36,6,16
36,6,17
36,6,18
36,6,19
36,6,20
36,6,21
36,6,22
36,6,23
36,6,24
36,6,25
36,6,26
36,6,27
36,6,28
36,6,29
36,6,30
36,6,31
36,7,0
36,7,1
36,7,2
36,7,3
36,7,4
36,7,5
36,7,6
36,7,7
36,7,8
36,7,9
36,7,10
36,7,11
36,7,12
36,7,13
36,7,14
36,7,15
36,7,16
36,7,17
36,7,18
36,7,19
36,7,20
36,7,21
36,7,22
36,7,23
36,7,24
36,7,25
36,7,26
36,7,27
36,8,0
36,8,1
36,8,2
36,8,3
36,8,4
36,8,5
36,8,6
36,8,7
36,8,8
36,8,9
36,8,10
36,8,11
36,8,12
36,8,13
36,8,14
36,8,15
36,8,16
36,8,17
36,8,18
36,8,19
36,8,20
36,8,21
36,8,22
36,9,0
36,9,1
36,9,2
36,9,3
36,9,4
36,9,5
36,9,6
36,9,7
36,9,8
36,9,9
36,9,10
36,9,11
36,9,12
36,9,13
36,9,14
36,9,15
36,9,16
36,10,0
36,10,1
36,10,2
36,10,3
36,10,4
36,10,5
36,10,6
36,10,7
37,0,34
37,0,35
37,0,36
37,0,37
37,0,38
37,0,39
37,0,40
37,0,41
37,0,42
37,0,43
37,0,44
37,0,45
37,0,46
37,0,47
37,0,48
37,1,28
37,1,29
37,1,30
37,1,31
37,1,32
37,1,33
37,1,34
37,1,35
37,1,36
37,1,37
37,1,38
37,1,39
37,1,40
37,1,41
37,1,42
37,1,43
37,1,44
37,1,45
37,2,23
37,2,24
37,2,25
37,2,26
37,2,27
37,2,28
37,2,29
37,2,30
37,2,31
37,2,32
37,2,33
37,2,34
37,2,35
37,2,36
37,2,37
37,2,38
37,2,39
37,2,40
37,2,41
37,2,42
37,3,17
37,3,18
37,3,19
37,3,20
37,3,21
37,3,22
37,3,23
37,3,24
37,3,25
37,3,26
37,3,27
37,3,28
37,3,29
37,3,30
37,3,31
37,3,32
37,3,33
37,3,34
37,3,35
37,3,36
37,3,37
37,3,38
37,3,39
37,4,9
37,4,10
37,4,11
37,4,12
37,4,13
37,4,14
37,4,15
37,4,16
37,4,17
37,4,18
37,4,19
37,4,20
37,4,21
37,4,22
37,4,23
37,4,24
37,4,25
37,4,26
37,4,27
37,4,28
37,4,29
37,4,30
37,4,31
37,4,32
37,4,33
37,4,34
37,4,35
37,4,36
37,5,0
37,5,1
37,5,2
37,5,3
37,5,4
37,5,5
37,5,6
37,5,7
37,5,8
37,5,9
37,5,10
37,5,11
37,5,12
37,5,13
37,5,14
37,5,15
37,5,16
37,5,17
37,5,18
37,5,19
37,5,20
37,5,21
37,5,22
37,5,23
37,5,24
37,5,25
37,5,26
37,5,27
37,5,28
37,5,29
37,5,30
37,5,31
37,5,32
37,6,0
37,6,1
37,6,2
37,6,3
37,6,4
37,6,5
37,6,6
37,6,7
37,6,8
37,6,9
37,6,10
37,6,11
37,6,12
37,6,13
37,6,14
37,6,15
37,6,16
37,6,17
37,6,18
37,6,19
37,6,20
37,6,21
37,6,22
37,6,23
37,6,24
37,6,25
37,6,26
37,6,27
37,6,28
37,7,0
37,7,1
37,7,2
37,7,3
37,7,4
37,7,5
37,7,6
37,7,7
37,7,8
37,7,9
37,7,10
37,7,11
37,7,12
37,7,13
37,7,14
37,7,15
37,7,16
37,7,17
37,7,18
37,7,19
37,7,20
37,7,21
37,7,22
37,7,23
37,8,0
37,8,1
37,8,2
37,8,3
37,8,4
37,8,5
37,8,6
37,8,7
37,8,8
37,8,9
37,8,10
37,8,11
37,8,12
37,8,13
37,8,14
37,8,15
37,8,16
37,8,17
37,9,0
37,9,1
37,9,2
37,9,3
37,9,4
37,9,5
37,9,6
37,9,7
37,9,8
37,9,9
38,0,30
38,0,31
38,0,32
38,0,33
38,0,34
38,0,35
38,0,36
38,0,37
38,0,38
38,0,39
38,0,40
38,0,41
38,0,42
38,0,43
38,0,44
38,0,45
38,1,24
38,1,25
38,1,26
38,1,27
38,1,28
38,1,29
38,1,30
38,1,31
38,1,32
38,1,33
38,1,34
38,1,35
38,1,36
38,1,37
38,1,38
38,1,39
38,1,40
38,1,41
38,1,42
38,1,43
38,2,18
38,2,19
38,2,20
38,2,21
38,2,22
38,2,23
38,2,24
38,2,25
38,2,26
38,2,27
38,2,28
38,2,29
38,2,30
38,2,31
38,2,32
38,2,33
38,2,34
38,2,35
38,2,36
38,2,37
38,2,38
38,2,39
38,2,40
38,3,10
38,3,11
38,3,12
38,3,13
38,3,14
38,3,15
38,3,16
38,3,17
38,3,18
38,3,19
38,3,20
38,3,21
38,3,22
38,3,23
38,3,24
38,3,25
38,3,26
38,3,27
38,3,28
38,3,29
38,3,30
38,3,31
38,3,32
38,3,33
38,3,34
38,3,35
38,3,36
38,4,0
38,4,1
38,4,2
38,4,3
38,4,4
38,4,5
38,4,6
38,4,7
38,4,8
38,4,9
38,4,10
38,4,11
38,4,12
38,4,13
38,4,14
38,4,15
38,4,16
38,4,17
38,4,18
38,4,19
38,4,20
38,4,21
38,4,22
38,4,23
38,4,24
38,4,25
38,4,26
38,4,27
38,4,28
38,4,29
38,4,30
38,4,31
38,4,32
38,4,33
38,5,0
38,5,1
38,5,2
38,5,3
38,5,4
38,5,5
38,5,6
38,5,7
38,5,8
38,5,9
38,5,10
38,5,11
38,5,12
38,5,13
38,5,14
38,5,15
38,5,16
38,5,17
38,5,18
38,5,19
38,5,20
38,5,21
38,5,22
38,5,23
38,5,24
38,5,25
38,5,26
38,5,27
38,5,28
38,6,0
38,6,1
38,6,2
38,6,3
38,6,4
38,6,5
38,6,6
38,6,7
38,6,8
38,6,9
38,6,10
38,6,11
38,6,12
38,6,13
38,6,14
38,6,15
38,6,16
38,6,17
38,6,18
38,6,19
38,6,20
38,6,21
38,6,22
38,6,23
38,6,24
38,7,0
38,7,1
38,7,2
38,7,3
38,7,4
38,7,5
38,7,6
38,7,7
38,7,8
38,7,9
38,7,10
38,7,11
38,7,12
38,7,13
38,7,14
38,7,15
38,7,16
38,7,17
38,7,18
38,8,0
38,8,1
38,8,2
38,8,3
38,8,4
38,8,5
38,8,6
38,8,7
38,8,8
38,8,9
38,8,10
38,9,0
39,0,26
39,0,27
39,0,28
39,0,29
39,0,30
39,0,31
39,0,32
39,0,33
39,0,34
39,0,35
39,0,36
39,0,37
39,0,38
39,0,39
39,0,40
39,0,41
39,0,42
39,0,43
39,1,19
39,1,20
39,1,21
39,1,22
39,1,23
39,1,24
39,1,25
39,1,26
39,1,27
39,1,28
39,1,29
39,1,30
39,1,31
39,1,32
39,1,33
39,1,34
39,1,35
39,1,36
39,1,37
39,1,38
39,1,39
39,1,40
39,2,11
39,2,12
39,2,13
39,2,14
39,2,15
39,2,16
39,2,17
39,2,18
39,2,19
39,2,20
39,2,21
39,2,22
39,2,23
39,2,24
39,2,25
39,2,26
39,2,27
39,2,28
39,2,29
39,2,30
39,2,31
39,2,32
39,2,33
39,2,34
39,2,35
39,2,36
39,2,37
39,3,1
39,3,2
39,3,3
39,3,4
39,3,5
39,3,6
39,3,7
39,3,8
39,3,9
39,3,10
39,3,11
39,3,12
39,3,13
39,3,14
39,3,15
39,3,16
39,3,17
39,3,18
39,3,19
39,3,20
39,3,21
39,3,22
39,3,23
39,3,24
39,3,25
39,3,26
39,3,27
39,3,28
39,3,29
39,3,30
39,3,31
39,3,32
39,3,33
39,4,0
39,4,1
39,4,2
39,4,3
39,4,4
39,4,5
39,4,6
39,4,7
39,4,8
39,4,9
39,4,10
39,4,11
39,4,12
39,4,13
39,4,14
39,4,15
39,4,16
39,4,17
39,4,18
39,4,19
39,4,20
39,4,21
39,4,22
39,4,23
39,4,24
39,4,25
39,4,26
39,4,27
39,4,28
39,4,29
39,5,0
39,5,1
39,5,2
39,5,3
39,5,4
39,5,5
39,5,6
39,5,7
39,5,8
39,5,9
39,5,10
39,5,11
39,5,12
39,5,13
39,5,14
39,5,15
39,5,16
39,5,17
39,5,18
39,5,19
39,5,20
39,5,21
39,5,22
39,5,23
39,5,24
39,6,0
39,6,1
39,6,2
39,6,3
39,6,4
39,6,5
39,6,6
39,6,7
39,6,8
39,6,9
39,6,10
39,6,11
39,6,12
39,6,13
39,6,14
39,6,15
39,6,16
39,6,17
39,6,18
39,6,19
39,7,0
39,7,1
39,7,2
39,7,3
39,7,4
39,7,5
39,7,6
39,7,7
39,7,8
39,7,9
39,7,10
39,7,11
39,8,0
39,8,1
40,0,21
40,0,22
40,0,23
40,0,24
40,0,25
40,0,26
40,0,27
40,0,28
40,0,29
40,0,30
40,0,31
40,0,32
40,0,33
40,0,34
40,0,35
40,0,36
40,0,37
40,0,38
40,0,39
40,0,40
40,1,12
40,1,13
40,1,14
40,1,15
40,1,16
40,1,17
40,1,18
40,1,19
40,1,20
40,1,21
40,1,22
40,1,23
40,1,24
40,1,25
40,1,26
40,1,27
40,1,28
40,1,29
40,1,30
40,1,31
40,1,32
40,1,33
40,1,34
40,1,35
40,1,36
40,1,37
40,2,2
40,2,3
40,2,4
40,2,5
40,2,6
40,2,7
40,2,8
40,2,9
40,2,10
40,2,11
40,2,12
40,2,13
40,2,14
40,2,15
40,2,16
40,2,17
40,2,18
40,2,19
40,2,20
40,2,21
40,2,22
40,2,23
40,2,24
40,2,25
40,2,26
40,2,27
40,2,28
40,2,29
40,2,30
40,2,31
40,2,32
40,2,33
40,3,0
40,3,1
40,3,2
40,3,3
40,3,4
40,3,5
40,3,6
40,3,7
40,3,8
40,3,9
40,3,10
40,3,11
40,3,12
40,3,13
40,3,14
40,3,15
40,3,16
40,3,17
40,3,18
40,3,19
40,3,20
40,3,21
40,3,22
40,3,23
40,3,24
40,3,25
40,3,26
40,3,27
40,3,28
40,3,29
40,4,0
40,4,1
40,4,2
40,4,3
40,4,4
40,4,5
40,4,6
40,4,7
40,4,8
40,4,9
40,4,10
40,4,11
40,4,12
40,4,13
40,4,14
40,4,15
40,4,16
40,4,17
40,4,18
40,4,19
40,4,20
40,4,21
40,4,22
40,4,23
40,4,24
40,4,25
40,5,0
40,5,1
40,5,2
40,5,3
40,5,4
40,5,5
40,5,6
40,5,7
40,5,8
40,5,9
40,5,10
40,5,11
40,5,12
40,5,13
40,5,14
40,5,15
40,5,16
40,5,17
40,5,18
40,5,19
40,6,0
40,6,1
40,6,2
40,6,3
40,6,4
40,6,5
40,6,6
40,6,7
40,6,8
40,6,9
40,6,10
40,6,11
40,6,12
40,7,0
40,7,1
40,7,2
41,0,14
41,0,15
41,0,16
41,0,17
41,0,18
41,0,19
41,0,20
41,0,21
41,0,22
41,0,23
41,0,24
41,0,25
41,0,26
41,0,27
41,0,28
41,0,29
41,0,30
41,0,31
41,0,32
41,0,33
41,0,34
41,0,35
41,0,36
41,0,37
41,1,3
41,1,4
41,1,5
41,1,6
41,1,7
41,1,8
41,1,9
41,1,10
41,1,11
41,1,12
41,1,13
41,1,14
41,1,15
41,1,16
41,1,17
41,1,18
41,1,19
41,1,20
41,1,21
41,1,22
41,1,23
41,1,24
41,1,25
41,1,26
41,1,27
41,1,28
41,1,29
41,1,30
41,1,31
41,1,32
41,1,33
41,1,34
41,2,0
41,2,1
41,2,2
41,2,3
41,2,4
41,2,5
41,2,6
41,2,7
41,2,8
41,2,9
41,2,10
41,2,11
41,2,12
41,2,13
41,2,14
41,2,15
41,2,16
41,2,17
41,2,18
41,2,19
41,2,20
41,2,21
41,2,22
41,2,23
41,2,24
41,2,25
41,2,26
41,2,27
41,2,28
41,2,29
41,2,30
41,3,0
41,3,1
41,3,2
41,3,3
41,3,4
41,3,5
41,3,6
41,3,7
41,3,8
41,3,9
41,3,10
41,3,11
41,3,12
41,3,13
41,3,14
41,3,15
41,3,16
41,3,17
41,3,18
41,3,19
41,3,20
41,3,21
41,3,22
41,3,23
41,3,24
41,3,25
41,4,0
41,4,1
41,4,2
41,4,3
41,4,4
41,4,5
41,4,6
41,4,7
41,4,8
41,4,9
41,4,10
41,4,11
41,4,12
41,4,13
41,4,14
41,4,15
41,4,16
41,4,17
41,4,18
41,4,19
41,4,20
41,5,0
41,5,1
41,5,2
41,5,3
41,5,4
41,5,5
41,5,6
41,5,7
41,5,8
41,5,9
41,5,10
41,5,11
41,5,12
41,6,0
41,6,1
41,6,2
41,6,3
42,0,4
42,0,5
42,0,6
42,0,7
42,0,8
42,0,9
42,0,10
42,0,11
42,0,12
42,0,13
42,0,14
42,0,15
42,0,16
42,0,17
42,0,18
42,0,19
42,0,20
42,0,21
42,0,22
42,0,23
42,0,24
42,0,25
42,0,26
42,0,27
42,0,28
42,0,29
42,0,30
42,0,31
42,0,32
42,0,33
42,0,34
42,1,0
42,1,1
42,1,2
42,1,3
42,1,4
42,1,5
42,1,6
42,1,7
42,1,8
42,1,9
42,1,10
42,1,11
42,1,12
42,1,13
42,1,14
42,1,15
42,1,16
42,1,17
42,1,18
42,1,19
42,1,20
42,1,21
42,1,22
42,1,23
42,1,24
42,1,25
42,1,26
42,1,27
42,1,28
42,1,29
42,1,30
42,2,0
42,2,1
42,2,2
42,2,3
42,2,4
42,2,5
42,2,6
42,2,7
42,2,8
42,2,9
42,2,10
42,2,11
42,2,12
42,2,13
42,2,14
42,2,15
42,2,16
42,2,17
42,2,18
42,2,19
42,2,20
42,2,21
42,2,22
42,2,23
42,2,24
42,2,25
42,3,0
42,3,1
42,3,2
42,3,3
42,3,4
42,3,5
42,3,6
42,3,7
42,3,8
42,3,9
42,3,10
42,3,11
42,3,12
42,3,13
42,3,14
42,3,15
42,3,16
42,3,17
42,3,18
42,3,19
42,3,20
42,4,0
42,4,1
42,4,2
42,4,3
42,4,4
42,4,5
42,4,6
42,4,7
42,4,8
42,4,9
42,4,10
42,4,11
42,4,12
42,4,13
42,5,0
42,5,1
42,5,2
42,5,3
43,0,1
43,0,2
43,0,3
43,0,4
43,0,5
43,0,6
43,0,7
43,0,8
43,0,9
43,0,10
43,0,11
43,0,12
43,0,13
43,0,14
43,0,15
43,0,16
43,0,17
43,0,18
43,0,19
43,0,20
43,0,21
43,0,22
43,0,23
43,0,24
43,0,25
43,0,26
43,0,27
43,0,28
43,0,29
43,0,30
43,1,0
43,1,1
43,1,2
43,1,3
43,1,4
43,1,5
43,1,6
43,1,7
43,1,8
43,1,9
43,1,10
43,1,11
43,1,12
43,1,13
43,1,14
43,1,15
43,1,16
43,1,17
43,1,18
43,1,19
43,1,20
43,1,21
43,1,22
43,1,23
43,1,24
43,1,25
43,2,0
43,2,1
43,2,2
43,2,3
43,2,4
43,2,5
43,2,6
43,2,7
43,2,8
43,2,9
43,2,10
43,2,11
43,2,12
43,2,13
43,2,14
43,2,15
43,2,16
43,2,17
43,2,18
43,2,19
43,2,20
43,3,0
43,3,1
43,3,2
43,3,3
43,3,4
43,3,5
43,3,6
43,3,7
43,3,8
43,3,9
43,3,10
43,3,11
43,3,12
43,3,13
43,4,0
43,4,1
43,4,2
43,4,3
44,0,1
44,0,2
44,0,3
44,0,4
44,0,5
44,0,6
44,0,7
44,0,8
44,0,9
44,0,10
44,0,11
44,0,12
44,0,13
44,0,14
44,0,15
44,0,16
44,0,17
44,0,18
44,0,19
44,0,20
44,0,21
44,0,22
44,0,23
44,0,24
44,0,25
44,1,0
44,1,1
44,1,2
44,1,3
44,1,4
44,1,5
44,1,6
44,1,7
44,1,8
44,1,9
44,1,10
44,1,11
44,1,12
44,1,13
44,1,14
44,1,15
44,1,16
44,1,17
44,1,18
44,1,19
44,1,20
44,2,0
44,2,1
44,2,2
44,2,3
44,2,4
44,2,5
44,2,6
44,2,7
44,2,8
44,2,9
44,2,10
44,2,11
44,2,12
44,2,13
44,3,0
44,3,1
44,3,2
44,3,3
45,0,1
45,0,2
45,0,3
45,0,4
45,0,5
45,0,6
45,0,7
45,0,8
45,0,9
45,0,10
45,0,11
45,0,12
45,0,13
45,0,14
45,0,15
45,0,16
45,0,17
45,0,18
45,0,19
45,0,20
45,1,0
45,1,1
45,1,2
45,1,3
45,1,4
45,1,5
45,1,6
45,1,7
45,1,8
45,1,9
45,1,10
45,1,11
45,1,12
45,1,13
45,2,0
45,2,1
45,2,2
45,2,3
46,0,1
46,0,2
46,0,3
46,0,4
46,0,5
46,0,6
46,0,7
46,0,8
46,0,9
46,0,10
46,0,11
46,0,12
46,1,0
46,1,1
46,1,2
47,0,1
47,0,2
