234,255,255
235,255,252
236,255,249
237,255,246
238,254,254
239,254,251
240,254,248
241,253,255
242,253,253
243,253,250
244,253,247
245,252,254
246,252,251
247,252,248
248,251,255
249,251,253
250,251,250
251,251,247
252,250,254
253,250,251
254,250,248
255,249,255
235,255,253
235,255,254
235,255,255
236,255,250
236,255,251
236,255,252
236,255,253
236,255,254
236,255,255
237,255,247
237,255,248
237,255,249
237,255,250
237,255,251
237,255,252
237,255,253
237,255,254
237,255,255
238,254,255
238,255,244
238,255,245
238,255,246
238,255,247
238,255,248
238,255,249
238,255,250
238,255,251
238,255,252
238,255,253
238,255,254
238,255,255
239,254,252
239,254,253
239,254,254
239,254,255
239,255,241
239,255,242
239,255,243
239,255,244
239,255,245
239,255,246
239,255,247
239,255,248
239,255,249
239,255,250
239,255,251
239,255,252
239,255,253
239,255,254
239,255,255
240,254,249
240,254,250
240,254,251
240,254,252
240,254,253
240,254,254
240,254,255
240,255,238
240,255,239
240,255,240
240,255,241
240,255,242
240,255,243
240,255,244
240,255,245
240,255,246
240,255,247
240,255,248
240,255,249
240,255,250
240,255,251
240,255,252
240,255,253
240,255,254
240,255,255
241,254,245
241,254,246
241,254,247
241,254,248
241,254,249
241,254,250
241,254,251
241,254,252
241,254,253
241,254,254
241,254,255
241,255,235
241,255,236
241,255,237
241,255,238
241,255,239
241,255,240
241,255,241
241,255,242
241,255,243
241,255,244
241,255,245
241,255,246
241,255,247
241,255,248
241,255,249
241,255,250
241,255,251
241,255,252
241,255,253
241,255,254
241,255,255
242,253,254
242,253,255
242,254,242
242,254,243
242,254,244
242,254,245
242,254,246
242,254,247
242,254,248
242,254,249
242,254,250
242,254,251
242,254,252
242,254,253
242,254,254
242,254,255
242,255,232
242,255,233
242,255,234
242,255,235
242,255,236
242,255,237
242,255,238
242,255,239
242,255,240
242,255,241
242,255,242
242,255,243
242,255,244
242,255,245
242,255,246
242,255,247
242,255,248
242,255,249
242,255,250
242,255,251
242,255,252
242,255,253
242,255,254
242,255,255
243,253,251
243,253,252
243,253,253
243,253,254
243,253,255
243,254,240
243,254,241
243,254,242
243,254,243
243,254,244
243,254,245
243,254,246
243,254,247
243,254,248
243,254,249
243,254,250
243,254,251
243,254,252
243,254,253
243,254,254
243,254,255
243,255,228
243,255,229
243,255,230
243,255,231
243,255,232
243,255,233
243,255,234
243,255,235
243,255,236
243,255,237
243,255,238
243,255,239
243,255,240
243,255,241
243,255,242
243,255,243
243,255,244
243,255,245
243,255,246
243,255,247
243,255,248
243,255,249
243,255,250
243,255,251
243,255,252
243,255,253
243,255,254
243,255,255
244,253,248
244,253,249
244,253,250
244,253,251
244,253,252
244,253,253
244,253,254
244,253,255
244,254,236
244,254,237
244,254,238
244,254,239
244,254,240
244,254,241
244,254,242
244,254,243
244,254,244
244,254,245
244,254,246
244,254,247
244,254,248
244,254,249
244,254,250
244,254,251
244,254,252
244,254,253
244,254,254
244,254,255
244,255,225
244,255,226
244,255,227
244,255,228
244,255,229
244,255,230
244,255,231
244,255,232
244,255,233
244,255,234
244,255,235
244,255,236
244,255,237
244,255,238
244,255,239
244,255,240
244,255,241
244,255,242
244,255,243
244,255,244
244,255,245
244,255,246
244,255,247
244,255,248
244,255,249
244,255,250
244,255,251
244,255,252
244,255,253
244,255,254
244,255,255
245,252,255
245,253,244
245,253,245
245,253,246
245,253,247
245,253,248
245,253,249
245,253,250
245,253,251
245,253,252
245,253,253
245,253,254
245,253,255
245,254,233
245,254,234
245,254,235
245,254,236
245,254,237
245,254,238
245,254,239
245,254,240
245,254,241
245,254,242
245,254,243
245,254,244
245,254,245
245,254,246
245,254,247
245,254,248
245,254,249
245,254,250
245,254,251
245,254,252
245,254,253
245,254,254
245,254,255
245,255,222
245,255,223
245,255,224
245,255,225
245,255,226
245,255,227
245,255,228
245,255,229
245,255,230
245,255,231
245,255,232
245,255,233
245,255,234
245,255,235
245,255,236
245,255,237
245,255,238
245,255,239
245,255,240
245,255,241
245,255,242
245,255,243
245,255,244
245,255,245
245,255,246
245,255,247
245,255,248
245,255,249
245,255,250
245,255,251
245,255,252
245,255,253
245,255,254
245,255,255
246,252,252
246,252,253
246,252,254
246,252,255
246,253,241
246,253,242
246,253,243
246,253,244
246,253,245
246,253,246
246,253,247
246,253,248
246,253,249
246,253,250
246,253,251
246,253,252
246,253,253
246,253,254
246,253,255
246,254,230
246,254,231
246,254,232
246,254,233
246,254,234
246,254,235
246,254,236
246,254,237
246,254,238
246,254,239
246,254,240
246,254,241
246,254,242
246,254,243
246,254,244
246,254,245
246,254,246
246,254,247
246,254,248
246,254,249
246,254,250
246,254,251
246,254,252
246,254,253
246,254,254
246,254,255
246,255,218
246,255,219
246,255,220
246,255,221
246,255,222
246,255,223
246,255,224
246,255,225
246,255,226
246,255,227
246,255,228
246,255,229
246,255,230
246,255,231
246,255,232
246,255,233
246,255,234
246,255,235
246,255,236
246,255,237
246,255,238
246,255,239
246,255,240
246,255,241
246,255,242
246,255,243
246,255,244
246,255,245
246,255,246
246,255,247
246,255,248
246,255,249
246,255,250
246,255,251
246,255,252
246,255,253
246,255,254
246,255,255
247,252,249
247,252,250
247,252,251
247,252,252
247,252,253
247,252,254
247,252,255
247,253,238
247,253,239
247,253,240
247,253,241
247,253,242
247,253,243
247,253,244
247,253,245
247,253,246
247,253,247
247,253,248
247,253,249
247,253,250
247,253,251
247,253,252
247,253,253
247,253,254
247,253,255
247,254,227
247,254,228
247,254,229
247,254,230
247,254,231
247,254,232
247,254,233
247,254,234
247,254,235
247,254,236
247,254,237
247,254,238
247,254,239
247,254,240
247,254,241
247,254,242
247,254,243
247,254,244
247,254,245
247,254,246
247,254,247
247,254,248
247,254,249
247,254,250
247,254,251
247,254,252
247,254,253
247,254,254
247,254,255
247,255,215
247,255,216
247,255,217
247,255,218
247,255,219
247,255,220
247,255,221
247,255,222
247,255,223
247,255,224
247,255,225
247,255,226
247,255,227
247,255,228
247,255,229
247,255,230
247,255,231
247,255,232
247,255,233
247,255,234
247,255,235
247,255,236
247,255,237
247,255,238
247,255,239
247,255,240
247,255,241
247,255,242
247,255,243
247,255,244
247,255,245
247,255,246
247,255,247
247,255,248
247,255,249
247,255,250
247,255,251
247,255,252
247,255,253
247,255,254
247,255,255
248,252,246
248,252,247
248,252,248
248,252,249
248,252,250
248,252,251
248,252,252
248,252,253
248,252,254
248,252,255
248,253,235
248,253,236
248,253,237
248,253,238
248,253,239
248,253,240
248,253,241
248,253,242
248,253,243
248,253,244
248,253,245
248,253,246
248,253,247
248,253,248
248,253,249
248,253,250
248,253,251
248,253,252
248,253,253
248,253,254
248,253,255
248,254,224
248,254,225
248,254,226
248,254,227
248,254,228
248,254,229
248,254,230
248,254,231
248,254,232
248,254,233
248,254,234
248,254,235
248,254,236
248,254,237
248,254,238
248,254,239
248,254,240
248,254,241
248,254,242
248,254,243
248,254,244
248,254,245
248,254,246
248,254,247
248,254,248
248,254,249
248,254,250
248,254,251
248,254,252
248,254,253
248,254,254
248,254,255
248,255,211
248,255,212
248,255,213
248,255,214
248,255,215
248,255,216
248,255,217
248,255,218
248,255,219
248,255,220
248,255,221
248,255,222
248,255,223
248,255,224
248,255,225
248,255,226
248,255,227
248,255,228
248,255,229
248,255,230
248,255,231
248,255,232
248,255,233
248,255,234
248,255,235
248,255,236
248,255,237
248,255,238
248,255,239
248,255,240
248,255,241
248,255,242
248,255,243
248,255,244
248,255,245
248,255,246
248,255,247
248,255,248
248,255,249
248,255,250
248,255,251
248,255,252
248,255,253
248,255,254
248,255,255
249,251,254
249,251,255
249,252,242
249,252,243
249,252,244
249,252,245
249,252,246
249,252,247
249,252,248
249,252,249
249,252,250
249,252,251
249,252,252
249,252,253
249,252,254
249,252,255
249,253,232
249,253,233
249,253,234
249,253,235
249,253,236
249,253,237
249,253,238
249,253,239
249,253,240
249,253,241
249,253,242
249,253,243
249,253,244
249,253,245
249,253,246
249,253,247
249,253,248
249,253,249
249,253,250
249,253,251
249,253,252
249,253,253
249,253,254
249,253,255
249,254,220
249,254,221
249,254,222
249,254,223
249,254,224
249,254,225
249,254,226
249,254,227
249,254,228
249,254,229
249,254,230
249,254,231
249,254,232
249,254,233
249,254,234
249,254,235
249,254,236
249,254,237
249,254,238
249,254,239
249,254,240
249,254,241
249,254,242
249,254,243
249,254,244
249,254,245
249,254,246
249,254,247
249,254,248
249,254,249
249,254,250
249,254,251
249,254,252
249,254,253
249,254,254
249,254,255
249,255,208
249,255,209
249,255,210
249,255,211
249,255,212
249,255,213
249,255,214
249,255,215
249,255,216
249,255,217
249,255,218
249,255,219
249,255,220
249,255,221
249,255,222
249,255,223
249,255,224
249,255,225
249,255,226
249,255,227
249,255,228
249,255,229
249,255,230
249,255,231
249,255,232
249,255,233
249,255,234
249,255,235
249,255,236
249,255,237
249,255,238
249,255,239
249,255,240
249,255,241
249,255,242
249,255,243
249,255,244
249,255,245
249,255,246
249,255,247
249,255,248
249,255,249
249,255,250
249,255,251
249,255,252
250,251,251
250,251,252
250,251,253
250,251,254
250,251,255
250,252,239
250,252,240
250,252,241
250,252,242
250,252,243
250,252,244
250,252,245
250,252,246
250,252,247
250,252,248
250,252,249
250,252,250
250,252,251
250,252,252
250,252,253
250,252,254
250,252,255
250,253,228
250,253,229
250,253,230
250,253,231
250,253,232
250,253,233
250,253,234
250,253,235
250,253,236
250,253,237
250,253,238
250,253,239
250,253,240
250,253,241
250,253,242
250,253,243
250,253,244
250,253,245
250,253,246
250,253,247
250,253,248
250,253,249
250,253,250
250,253,251
250,253,252
250,253,253
250,253,254
250,253,255
250,254,217
250,254,218
250,254,219
250,254,220
250,254,221
250,254,222
250,254,223
250,254,224
250,254,225
250,254,226
250,254,227
250,254,228
250,254,229
250,254,230
250,254,231
250,254,232
250,254,233
250,254,234
250,254,235
250,254,236
250,254,237
250,254,238
250,254,239
250,254,240
250,254,241
250,254,242
250,254,243
250,254,244
250,254,245
250,254,246
250,254,247
250,254,248
250,254,249
250,254,250
250,254,251
250,254,252
250,254,253
250,254,254
250,254,255
250,255,204
250,255,205
250,255,206
250,255,207
250,255,208
250,255,209
250,255,210
250,255,211
250,255,212
250,255,213
250,255,214
250,255,215
250,255,216
250,255,217
250,255,218
250,255,219
250,255,220
250,255,221
250,255,222
250,255,223
250,255,224
250,255,225
250,255,226
250,255,227
250,255,228
250,255,229
250,255,230
250,255,231
250,255,232
250,255,233
250,255,234
250,255,235
250,255,236
250,255,237
250,255,238
250,255,239
250,255,240
250,255,241
250,255,242
250,255,243
250,255,244
250,255,245
250,255,246
250,255,247
250,255,248
250,255,249
251,251,248
251,251,249
251,251,250
251,251,251
251,251,252
251,251,253
251,251,254
251,251,255
251,252,236
251,252,237
251,252,238
251,252,239
251,252,240
251,252,241
251,252,242
251,252,243
251,252,244
251,252,245
251,252,246
251,252,247
251,252,248
251,252,249
251,252,250
251,252,251
251,252,252
251,252,253
251,252,254
251,252,255
251,253,225
251,253,226
251,253,227
251,253,228
251,253,229
251,253,230
251,253,231
251,253,232
251,253,233
251,253,234
251,253,235
251,253,236
251,253,237
251,253,238
251,253,239
251,253,240
251,253,241
251,253,242
251,253,243
251,253,244
251,253,245
251,253,246
251,253,247
251,253,248
251,253,249
251,253,250
251,253,251
251,253,252
251,253,253
251,253,254
251,253,255
251,254,213
251,254,214
251,254,215
251,254,216
251,254,217
251,254,218
251,254,219
251,254,220
251,254,221
251,254,222
251,254,223
251,254,224
251,254,225
251,254,226
251,254,227
251,254,228
251,254,229
251,254,230
251,254,231
251,254,232
251,254,233
251,254,234
251,254,235
251,254,236
251,254,237
251,254,238
251,254,239
251,254,240
251,254,241
251,254,242
251,254,243
251,254,244
251,254,245
251,254,246
251,254,247
251,254,248
251,254,249
251,254,250
251,254,251
251,254,252
251,254,253
251,254,254
251,254,255
251,255,200
251,255,201
251,255,202
251,255,203
251,255,204
251,255,205
251,255,206
251,255,207
251,255,208
251,255,209
251,255,210
251,255,211
251,255,212
251,255,213
251,255,214
251,255,215
251,255,216
251,255,217
251,255,218
251,255,219
251,255,220
251,255,221
251,255,222
251,255,223
251,255,224
251,255,225
251,255,226
251,255,227
251,255,228
251,255,229
251,255,230
251,255,231
251,255,232
251,255,233
251,255,234
251,255,235
251,255,236
251,255,237
251,255,238
251,255,239
251,255,240
251,255,241
251,255,242
251,255,243
251,255,244
251,255,245
251,255,246
252,250,255
252,251,244
252,251,245
252,251,246
252,251,247
252,251,248
252,251,249
252,251,250
252,251,251
252,251,252
252,251,253
252,251,254
252,251,255
252,252,233
252,252,234
252,252,235
252,252,236
252,252,237
252,252,238
252,252,239
252,252,240
252,252,241
252,252,242
252,252,243
252,252,244
252,252,245
252,252,246
252,252,247
252,252,248
252,252,249
252,252,250
252,252,251
252,252,252
252,252,253
252,252,254
252,252,255
252,253,222
252,253,223
252,253,224
252,253,225
252,253,226
252,253,227
252,253,228
252,253,229
252,253,230
252,253,231
252,253,232
252,253,233
252,253,234
252,253,235
252,253,236
252,253,237
252,253,238
252,253,239
252,253,240
252,253,241
252,253,242
252,253,243
252,253,244
252,253,245
252,253,246
252,253,247
252,253,248
252,253,249
252,253,250
252,253,251
252,253,252
252,253,253
252,253,254
252,253,255
252,254,209
252,254,210
252,254,211
252,254,212
252,254,213
252,254,214
252,254,215
252,254,216
252,254,217
252,254,218
252,254,219
252,254,220
252,254,221
252,254,222
252,254,223
252,254,224
252,254,225
252,254,226
252,254,227
252,254,228
252,254,229
252,254,230
252,254,231
252,254,232
252,254,233
252,254,234
252,254,235
252,254,236
252,254,237
252,254,238
252,254,239
252,254,240
252,254,241
252,254,242
252,254,243
252,254,244
252,254,245
252,254,246
252,254,247
252,254,248
252,254,249
252,254,250
252,254,251
252,254,252
252,254,253
252,255,196
252,255,197
252,255,198
252,255,199
252,255,200
252,255,201
252,255,202
252,255,203
252,255,204
252,255,205
252,255,206
252,255,207
252,255,208
252,255,209
252,255,210
252,255,211
252,255,212
252,255,213
252,255,214
252,255,215
252,255,216
252,255,217
252,255,218
252,255,219
252,255,220
252,255,221
252,255,222
252,255,223
252,255,224
252,255,225
252,255,226
252,255,227
252,255,228
252,255,229
252,255,230
252,255,231
252,255,232
252,255,233
252,255,234
252,255,235
252,255,236
252,255,237
252,255,238
252,255,239
252,255,240
252,255,241
252,255,242
252,255,243
253,250,252
253,250,253
253,250,254
253,250,255
253,251,241
253,251,242
253,251,243
253,251,244
253,251,245
253,251,246
253,251,247
253,251,248
253,251,249
253,251,250
253,251,251
253,251,252
253,251,253
253,251,254
253,251,255
253,252,230
253,252,231
253,252,232
253,252,233
253,252,234
253,252,235
253,252,236
253,252,237
253,252,238
253,252,239
253,252,240
253,252,241
253,252,242
253,252,243
253,252,244
253,252,245
253,252,246
253,252,247
253,252,248
253,252,249
253,252,250
253,252,251
253,252,252
253,252,253
253,252,254
253,252,255
253,253,218
253,253,219
253,253,220
253,253,221
253,253,222
253,253,223
253,253,224
253,253,225
253,253,226
253,253,227
253,253,228
253,253,229
253,253,230
253,253,231
253,253,232
253,253,233
253,253,234
253,253,235
253,253,236
253,253,237
253,253,238
253,253,239
253,253,240
253,253,241
253,253,242
253,253,243
253,253,244
253,253,245
253,253,246
253,253,247
253,253,248
253,253,249
253,253,250
253,253,251
253,253,252
253,253,253
253,253,254
253,253,255
253,254,205
253,254,206
253,254,207
253,254,208
253,254,209
253,254,210
253,254,211
253,254,212
253,254,213
253,254,214
253,254,215
253,254,216
253,254,217
253,254,218
253,254,219
253,254,220
253,254,221
253,254,222
253,254,223
253,254,224
253,254,225
253,254,226
253,254,227
253,254,228
253,254,229
253,254,230
253,254,231
253,254,232
253,254,233
253,254,234
253,254,235
253,254,236
253,254,237
253,254,238
253,254,239
253,254,240
253,254,241
253,254,242
253,254,243
253,254,244
253,254,245
253,254,246
253,254,247
253,254,248
253,254,249
253,254,250
253,255,192
253,255,193
253,255,194
253,255,195
253,255,196
253,255,197
253,255,198
253,255,199
253,255,200
253,255,201
253,255,202
253,255,203
253,255,204
253,255,205
253,255,206
253,255,207
253,255,208
253,255,209
253,255,210
253,255,211
253,255,212
253,255,213
253,255,214
253,255,215
253,255,216
253,255,217
253,255,218
253,255,219
253,255,220
253,255,221
253,255,222
253,255,223
253,255,224
253,255,225
253,255,226
253,255,227
253,255,228
253,255,229
253,255,230
253,255,231
253,255,232
253,255,233
253,255,234
253,255,235
253,255,236
253,255,237
253,255,238
253,255,239
253,255,240
254,250,249
254,250,250
254,250,251
254,250,252
254,250,253
254,250,254
254,250,255
254,251,237
254,251,238
254,251,239
254,251,240
254,251,241
254,251,242
254,251,243
254,251,244
254,251,245
254,251,246
254,251,247
254,251,248
254,251,249
254,251,250
254,251,251
254,251,252
254,251,253
254,251,254
254,251,255
254,252,226
254,252,227
254,252,228
254,252,229
254,252,230
254,252,231
254,252,232
254,252,233
254,252,234
254,252,235
254,252,236
254,252,237
254,252,238
254,252,239
254,252,240
254,252,241
254,252,242
254,252,243
254,252,244
254,252,245
254,252,246
254,252,247
254,252,248
254,252,249
254,252,250
254,252,251
254,252,252
254,252,253
254,252,254
254,252,255
254,253,214
254,253,215
254,253,216
254,253,217
254,253,218
254,253,219
254,253,220
254,253,221
254,253,222
254,253,223
254,253,224
254,253,225
254,253,226
254,253,227
254,253,228
254,253,229
254,253,230
254,253,231
254,253,232
254,253,233
254,253,234
254,253,235
254,253,236
254,253,237
254,253,238
254,253,239
254,253,240
254,253,241
254,253,242
254,253,243
254,253,244
254,253,245
254,253,246
254,253,247
254,253,248
254,253,249
254,253,250
254,253,251
254,253,252
254,253,253
254,253,254
254,253,255
254,254,201
254,254,202
254,254,203
254,254,204
254,254,205
254,254,206
254,254,207
254,254,208
254,254,209
254,254,210
254,254,211
254,254,212
254,254,213
254,254,214
254,254,215
254,254,216
254,254,217
254,254,218
254,254,219
254,254,220
254,254,221
254,254,222
254,254,223
254,254,224
254,254,225
254,254,226
254,254,227
254,254,228
254,254,229
254,254,230
254,254,231
254,254,232
254,254,233
254,254,234
254,254,235
254,254,236
254,254,237
254,254,238
254,254,239
254,254,240
254,254,241
254,254,242
254,254,243
254,254,244
254,254,245
254,254,246
254,254,247
254,255,187
254,255,188
254,255,189
254,255,190
254,255,191
254,255,192
254,255,193
254,255,194
254,255,195
254,255,196
254,255,197
254,255,198
254,255,199
254,255,200
254,255,201
254,255,202
254,255,203
254,255,204
254,255,205
254,255,206
254,255,207
254,255,208
254,255,209
254,255,210
254,255,211
254,255,212
254,255,213
254,255,214
254,255,215
254,255,216
254,255,217
254,255,218
254,255,219
254,255,220
254,255,221
254,255,222
254,255,223
254,255,224
254,255,225
254,255,226
254,255,227
254,255,228
254,255,229
254,255,230
254,255,231
254,255,232
254,255,233
254,255,234
254,255,235
254,255,236
254,255,237
255,250,245
255,250,246
255,250,247
255,250,248
255,250,249
255,250,250
255,250,251
255,250,252
255,250,253
255,250,254
255,250,255
255,251,234
255,251,235
255,251,236
255,251,237
255,251,238
255,251,239
255,251,240
255,251,241
255,251,242
255,251,243
255,251,244
255,251,245
255,251,246
255,251,247
255,251,248
255,251,249
255,251,250
255,251,251
255,251,252
255,251,253
255,251,254
255,251,255
255,252,223
255,252,224
255,252,225
255,252,226
255,252,227
255,252,228
255,252,229
255,252,230
255,252,231
255,252,232
255,252,233
255,252,234
255,252,235
255,252,236
255,252,237
255,252,238
255,252,239
255,252,240
255,252,241
255,252,242
255,252,243
255,252,244
255,252,245
255,252,246
255,252,247
255,252,248
255,252,249
255,252,250
255,252,251
255,252,252
255,252,253
255,252,254
255,252,255
255,253,211
255,253,212
255,253,213
255,253,214
255,253,215
255,253,216
255,253,217
255,253,218
255,253,219
255,253,220
255,253,221
255,253,222
255,253,223
255,253,224
255,253,225
255,253,226
255,253,227
255,253,228
255,253,229
255,253,230
255,253,231
255,253,232
255,253,233
255,253,234
255,253,235
255,253,236
255,253,237
255,253,238
255,253,239
255,253,240
255,253,241
255,253,242
255,253,243
255,253,244
255,253,245
255,253,246
255,253,247
255,253,248
255,253,249
255,253,250
255,253,251
255,253,252
255,253,253
255,253,254
255,254,197
255,254,198
255,254,199
255,254,200
255,254,201
255,254,202
255,254,203
255,254,204
255,254,205
255,254,206
255,254,207
255,254,208
255,254,209
255,254,210
255,254,211
255,254,212
255,254,213
255,254,214
255,254,215
255,254,216
255,254,217
255,254,218
255,254,219
255,254,220
255,254,221
255,254,222
255,254,223
255,254,224
255,254,225
255,254,226
255,254,227
255,254,228
255,254,229
255,254,230
255,254,231
255,254,232
255,254,233
255,254,234
255,254,235
255,254,236
255,254,237
255,254,238
255,254,239
255,254,240
255,254,241
255,254,242
255,254,243
255,254,244
255,255,183
255,255,184
255,255,185
255,255,186
255,255,187
255,255,188
255,255,189
255,255,190
255,255,191
255,255,192
255,255,193
255,255,194
255,255,195
255,255,196
255,255,197
255,255,198
255,255,199
255,255,200
255,255,201
255,255,202
255,255,203
255,255,204
255,255,205
255,255,206
255,255,207
255,255,208
255,255,209
255,255,210
255,255,211
255,255,212
255,255,213
255,255,214
255,255,215
255,255,216
255,255,217
255,255,218
255,255,219
255,255,220
255,255,221
255,255,222
255,255,223
255,255,224
255,255,225
255,255,226
255,255,227
255,255,228
255,255,229
255,255,230
255,255,231
255,255,232
255,255,233
