219,255,254
220,255,251
221,255,249
222,255,246
223,254,254
224,254,251
225,254,249
226,254,246
227,253,253
228,253,251
229,253,248
230,253,246
231,252,253
232,252,250
233,252,248
234,251,255
235,251,252
236,251,250
237,251,247
238,250,254
239,250,251
240,250,248
241,250,246
242,249,253
243,249,250
244,249,247
245,248,254
246,248,251
247,248,248
248,247,255
249,247,252
250,247,249
251,247,246
252,246,253
253,246,250
254,246,247
255,245,254
219,255,255
220,255,252
220,255,253
220,255,254
220,255,255
221,255,250
221,255,251
221,255,252
221,255,253
221,255,254
221,255,255
222,255,247
222,255,248
222,255,249
222,255,250
222,255,251
222,255,252
222,255,253
222,255,254
222,255,255
223,254,255
223,255,243
223,255,244
223,255,245
223,255,246
223,255,247
223,255,248
223,255,249
223,255,250
223,255,251
223,255,252
223,255,253
223,255,254
223,255,255
224,254,252
224,254,253
224,254,254
224,254,255
224,255,241
224,255,242
224,255,243
224,255,244
224,255,245
224,255,246
224,255,247
224,255,248
224,255,249
224,255,250
224,255,251
224,255,252
224,255,253
224,255,254
224,255,255
225,254,250
225,254,251
225,254,252
225,254,253
225,254,254
225,254,255
225,255,238
225,255,239
225,255,240
225,255,241
225,255,242
225,255,243
225,255,244
225,255,245
225,255,246
225,255,247
225,255,248
225,255,249
225,255,250
225,255,251
225,255,252
225,255,253
225,255,254
225,255,255
226,254,247
226,254,248
226,254,249
226,254,250
226,254,251
226,254,252
226,254,253
226,254,254
226,254,255
226,255,235
226,255,236
226,255,237
226,255,238
226,255,239
226,255,240
226,255,241
226,255,242
226,255,243
226,255,244
226,255,245
226,255,246
226,255,247
226,255,248
226,255,249
226,255,250
226,255,251
226,255,252
226,255,253
226,255,254
226,255,255
227,253,254
227,253,255
227,254,243
227,254,244
227,254,245
227,254,246
227,254,247
227,254,248
227,254,249
227,254,250
227,254,251
227,254,252
227,254,253
227,254,254
227,254,255
227,255,232
227,255,233
227,255,234
227,255,235
227,255,236
227,255,237
227,255,238
227,255,239
227,255,240
227,255,241
227,255,242
227,255,243
227,255,244
227,255,245
227,255,246
227,255,247
227,255,248
227,255,249
227,255,250
227,255,251
227,255,252
227,255,253
227,255,254
227,255,255
228,253,252
228,253,253
228,253,254
228,253,255
228,254,241
228,254,242
228,254,243
228,254,244
228,254,245
228,254,246
228,254,247
228,254,248
228,254,249
228,254,250
228,254,251
228,254,252
228,254,253
228,254,254
228,254,255
228,255,230
228,255,231
228,255,232
228,255,233
228,255,234
228,255,235
228,255,236
228,255,237
228,255,238
228,255,239
228,255,240
228,255,241
228,255,242
228,255,243
228,255,244
228,255,245
228,255,246
228,255,247
228,255,248
228,255,249
228,255,250
228,255,251
228,255,252
228,255,253
228,255,254
228,255,255
229,253,249
229,253,250
229,253,251
229,253,252
229,253,253
229,253,254
229,253,255
229,254,238
229,254,239
229,254,240
229,254,241
229,254,242
229,254,243
229,254,244
229,254,245
229,254,246
229,254,247
229,254,248
229,254,249
229,254,250
229,254,251
229,254,252
229,254,253
229,254,254
229,254,255
229,255,227
229,255,228
229,255,229
229,255,230
229,255,231
229,255,232
229,255,233
229,255,234
229,255,235
229,255,236
229,255,237
229,255,238
229,255,239
229,255,240
229,255,241
229,255,242
229,255,243
229,255,244
229,255,245
229,255,246
229,255,247
229,255,248
229,255,249
229,255,250
229,255,251
229,255,252
229,255,253
229,255,254
229,255,255
230,253,247
230,253,248
230,253,249
230,253,250
230,253,251
230,253,252
230,253,253
230,253,254
230,253,255
230,254,235
230,254,236
230,254,237
230,254,238
230,254,239
230,254,240
230,254,241
230,254,242
230,254,243
230,254,244
230,254,245
230,254,246
230,254,247
230,254,248
230,254,249
230,254,250
230,254,251
230,254,252
230,254,253
230,254,254
230,254,255
230,255,224
230,255,225
230,255,226
230,255,227
230,255,228
230,255,229
230,255,230
230,255,231
230,255,232
230,255,233
230,255,234
230,255,235
230,255,236
230,255,237
230,255,238
230,255,239
230,255,240
230,255,241
230,255,242
230,255,243
230,255,244
230,255,245
230,255,246
230,255,247
230,255,248
230,255,249
230,255,250
230,255,251
230,255,252
230,255,253
230,255,254
230,255,255
231,252,254
231,252,255
231,253,243
231,253,244
231,253,245
231,253,246
231,253,247
231,253,248
231,253,249
231,253,250
231,253,251
231,253,252
231,253,253
231,253,254
231,253,255
231,254,232
231,254,233
231,254,234
231,254,235
231,254,236
231,254,237
231,254,238
231,254,239
231,254,240
231,254,241
231,254,242
231,254,243
231,254,244
231,254,245
231,254,246
231,254,247
231,254,248
231,254,249
231,254,250
231,254,251
231,254,252
231,254,253
231,254,254
231,254,255
231,255,220
231,255,221
231,255,222
231,255,223
231,255,224
231,255,225
231,255,226
231,255,227
231,255,228
231,255,229
231,255,230
231,255,231
231,255,232
231,255,233
231,255,234
231,255,235
231,255,236
231,255,237
231,255,238
231,255,239
231,255,240
231,255,241
231,255,242
231,255,243
231,255,244
231,255,245
231,255,246
231,255,247
231,255,248
231,255,249
231,255,250
231,255,251
231,255,252
231,255,253
231,255,254
231,255,255
232,252,251
232,252,252
232,252,253
232,252,254
232,252,255
232,253,240
232,253,241
232,253,242
232,253,243
232,253,244
232,253,245
232,253,246
232,253,247
232,253,248
232,253,249
232,253,250
232,253,251
232,253,252
232,253,253
232,253,254
232,253,255
232,254,229
232,254,230
232,254,231
232,254,232
232,254,233
232,254,234
232,254,235
232,254,236
232,254,237
232,254,238
232,254,239
232,254,240
232,254,241
232,254,242
232,254,243
232,254,244
232,254,245
232,254,246
232,254,247
232,254,248
232,254,249
232,254,250
232,254,251
232,254,252
232,254,253
232,254,254
232,254,255
232,255,217
232,255,218
232,255,219
232,255,220
232,255,221
232,255,222
232,255,223
232,255,224
232,255,225
232,255,226
232,255,227
232,255,228
232,255,229
232,255,230
232,255,231
232,255,232
232,255,233
232,255,234
232,255,235
232,255,236
232,255,237
232,255,238
232,255,239
232,255,240
232,255,241
232,255,242
232,255,243
232,255,244
232,255,245
232,255,246
232,255,247
232,255,248
232,255,249
232,255,250
232,255,251
232,255,252
232,255,253
232,255,254
232,255,255
233,252,249
233,252,250
233,252,251
233,252,252
233,252,253
233,252,254
233,252,255
233,253,237
233,253,238
233,253,239
233,253,240
233,253,241
233,253,242
233,253,243
233,253,244
233,253,245
233,253,246
233,253,247
233,253,248
233,253,249
233,253,250
233,253,251
233,253,252
233,253,253
233,253,254
233,253,255
233,254,226
233,254,227
233,254,228
233,254,229
233,254,230
233,254,231
233,254,232
233,254,233
233,254,234
233,254,235
233,254,236
233,254,237
233,254,238
233,254,239
233,254,240
233,254,241
233,254,242
233,254,243
233,254,244
233,254,245
233,254,246
233,254,247
233,254,248
233,254,249
233,254,250
233,254,251
233,254,252
233,254,253
233,254,254
233,254,255
233,255,214
233,255,215
233,255,216
233,255,217
233,255,218
233,255,219
233,255,220
233,255,221
233,255,222
233,255,223
233,255,224
233,255,225
233,255,226
233,255,227
233,255,228
233,255,229
233,255,230
233,255,231
233,255,232
233,255,233
233,255,234
233,255,235
233,255,236
233,255,237
233,255,238
233,255,239
233,255,240
233,255,241
233,255,242
233,255,243
233,255,244
233,255,245
233,255,246
233,255,247
233,255,248
233,255,249
233,255,250
233,255,251
233,255,252
233,255,253
233,255,254
233,255,255
234,252,245
234,252,246
234,252,247
234,252,248
234,252,249
234,252,250
234,252,251
234,252,252
234,252,253
234,252,254
234,252,255
234,253,234
234,253,235
234,253,236
234,253,237
234,253,238
234,253,239
234,253,240
234,253,241
234,253,242
234,253,243
234,253,244
234,253,245
234,253,246
234,253,247
234,253,248
234,253,249
234,253,250
234,253,251
234,253,252
234,253,253
234,253,254
234,253,255
234,254,223
234,254,224
234,254,225
234,254,226
234,254,227
234,254,228
234,254,229
234,254,230
234,254,231
234,254,232
234,254,233
234,254,234
234,254,235
234,254,236
234,254,237
234,254,238
234,254,239
234,254,240
234,254,241
234,254,242
234,254,243
234,254,244
234,254,245
234,254,246
234,254,247
234,254,248
234,254,249
234,254,250
234,254,251
234,254,252
234,254,253
234,254,254
234,254,255
234,255,211
234,255,212
234,255,213
234,255,214
234,255,215
234,255,216
234,255,217
234,255,218
234,255,219
234,255,220
234,255,221
234,255,222
234,255,223
234,255,224
234,255,225
234,255,226
234,255,227
234,255,228
234,255,229
234,255,230
234,255,231
234,255,232
234,255,233
234,255,234
234,255,235
234,255,236
234,255,237
234,255,238
234,255,239
234,255,240
234,255,241
234,255,242
234,255,243
234,255,244
234,255,245
234,255,246
234,255,247
234,255,248
234,255,249
234,255,250
234,255,251
234,255,252
234,255,253
234,255,254
235,251,253
235,251,254
235,251,255
235,252,242
235,252,243
235,252,244
235,252,245
235,252,246
235,252,247
235,252,248
235,252,249
235,252,250
235,252,251
235,252,252
235,252,253
235,252,254
235,252,255
235,253,231
235,253,232
235,253,233
235,253,234
235,253,235
235,253,236
235,253,237
235,253,238
235,253,239
235,253,240
235,253,241
235,253,242
235,253,243
235,253,244
235,253,245
235,253,246
235,253,247
235,253,248
235,253,249
235,253,250
235,253,251
235,253,252
235,253,253
235,253,254
235,253,255
235,254,220
235,254,221
235,254,222
235,254,223
235,254,224
235,254,225
235,254,226
235,254,227
235,254,228
235,254,229
235,254,230
235,254,231
235,254,232
235,254,233
235,254,234
235,254,235
235,254,236
235,254,237
235,254,238
235,254,239
235,254,240
235,254,241
235,254,242
235,254,243
235,254,244
235,254,245
235,254,246
235,254,247
235,254,248
235,254,249
235,254,250
235,254,251
235,254,252
235,254,253
235,254,254
235,254,255
235,255,207
235,255,208
235,255,209
235,255,210
235,255,211
235,255,212
235,255,213
235,255,214
235,255,215
235,255,216
235,255,217
235,255,218
235,255,219
235,255,220
235,255,221
235,255,222
235,255,223
235,255,224
235,255,225
235,255,226
235,255,227
235,255,228
235,255,229
235,255,230
235,255,231
235,255,232
235,255,233
235,255,234
235,255,235
235,255,236
235,255,237
235,255,238
235,255,239
235,255,240
235,255,241
235,255,242
235,255,243
235,255,244
235,255,245
235,255,246
235,255,247
235,255,248
235,255,249
235,255,250
235,255,251
236,251,251
236,251,252
236,251,253
236,251,254
236,251,255
236,252,239
236,252,240
236,252,241
236,252,242
236,252,243
236,252,244
236,252,245
236,252,246
236,252,247
236,252,248
236,252,249
236,252,250
236,252,251
236,252,252
236,252,253
236,252,254
236,252,255
236,253,228
236,253,229
236,253,230
236,253,231
236,253,232
236,253,233
236,253,234
236,253,235
236,253,236
236,253,237
236,253,238
236,253,239
236,253,240
236,253,241
236,253,242
236,253,243
236,253,244
236,253,245
236,253,246
236,253,247
236,253,248
236,253,249
236,253,250
236,253,251
236,253,252
236,253,253
236,253,254
236,253,255
236,254,216
236,254,217
236,254,218
236,254,219
236,254,220
236,254,221
236,254,222
236,254,223
236,254,224
236,254,225
236,254,226
236,254,227
236,254,228
236,254,229
236,254,230
236,254,231
236,254,232
236,254,233
236,254,234
236,254,235
236,254,236
236,254,237
236,254,238
236,254,239
236,254,240
236,254,241
236,254,242
236,254,243
236,254,244
236,254,245
236,254,246
236,254,247
236,254,248
236,254,249
236,254,250
236,254,251
236,254,252
236,254,253
236,254,254
236,254,255
236,255,204
236,255,205
236,255,206
236,255,207
236,255,208
236,255,209
236,255,210
236,255,211
236,255,212
236,255,213
236,255,214
236,255,215
236,255,216
236,255,217
236,255,218
236,255,219
236,255,220
236,255,221
236,255,222
236,255,223
236,255,224
236,255,225
236,255,226
236,255,227
236,255,228
236,255,229
236,255,230
236,255,231
236,255,232
236,255,233
236,255,234
236,255,235
236,255,236
236,255,237
236,255,238
236,255,239
236,255,240
236,255,241
236,255,242
236,255,243
236,255,244
236,255,245
236,255,246
236,255,247
236,255,248
237,251,248
237,251,249
237,251,250
237,251,251
237,251,252
237,251,253
237,251,254
237,251,255
237,252,236
237,252,237
237,252,238
237,252,239
237,252,240
237,252,241
237,252,242
237,252,243
237,252,244
237,252,245
237,252,246
237,252,247
237,252,248
237,252,249
237,252,250
237,252,251
237,252,252
237,252,253
237,252,254
237,252,255
237,253,225
237,253,226
237,253,227
237,253,228
237,253,229
237,253,230
237,253,231
237,253,232
237,253,233
237,253,234
237,253,235
237,253,236
237,253,237
237,253,238
237,253,239
237,253,240
237,253,241
237,253,242
237,253,243
237,253,244
237,253,245
237,253,246
237,253,247
237,253,248
237,253,249
237,253,250
237,253,251
237,253,252
237,253,253
237,253,254
237,253,255
237,254,213
237,254,214
237,254,215
237,254,216
237,254,217
237,254,218
237,254,219
237,254,220
237,254,221
237,254,222
237,254,223
237,254,224
237,254,225
237,254,226
237,254,227
237,254,228
237,254,229
237,254,230
237,254,231
237,254,232
237,254,233
237,254,234
237,254,235
237,254,236
237,254,237
237,254,238
237,254,239
237,254,240
237,254,241
237,254,242
237,254,243
237,254,244
237,254,245
237,254,246
237,254,247
237,254,248
237,254,249
237,254,250
237,254,251
237,254,252
237,254,253
237,254,254
237,254,255
237,255,200
237,255,201
237,255,202
237,255,203
237,255,204
237,255,205
237,255,206
237,255,207
237,255,208
237,255,209
237,255,210
237,255,211
237,255,212
237,255,213
237,255,214
237,255,215
237,255,216
237,255,217
237,255,218
237,255,219
237,255,220
237,255,221
237,255,222
237,255,223
237,255,224
237,255,225
237,255,226
237,255,227
237,255,228
237,255,229
237,255,230
237,255,231
237,255,232
237,255,233
237,255,234
237,255,235
237,255,236
237,255,237
237,255,238
237,255,239
237,255,240
237,255,241
237,255,242
237,255,243
237,255,244
237,255,245
238,250,255
238,251,244
238,251,245
238,251,246
238,251,247
238,251,248
238,251,249
238,251,250
238,251,251
238,251,252
238,251,253
238,251,254
238,251,255
238,252,233
238,252,234
238,252,235
238,252,236
238,252,237
238,252,238
238,252,239
238,252,240
238,252,241
238,252,242
238,252,243
238,252,244
238,252,245
238,252,246
238,252,247
238,252,248
238,252,249
238,252,250
238,252,251
238,252,252
238,252,253
238,252,254
238,252,255
238,253,222
238,253,223
238,253,224
238,253,225
238,253,226
238,253,227
238,253,228
238,253,229
238,253,230
238,253,231
238,253,232
238,253,233
238,253,234
238,253,235
238,253,236
238,253,237
238,253,238
238,253,239
238,253,240
238,253,241
238,253,242
238,253,243
238,253,244
238,253,245
238,253,246
238,253,247
238,253,248
238,253,249
238,253,250
238,253,251
238,253,252
238,253,253
238,253,254
238,253,255
238,254,210
238,254,211
238,254,212
238,254,213
238,254,214
238,254,215
238,254,216
238,254,217
238,254,218
238,254,219
238,254,220
238,254,221
238,254,222
238,254,223
238,254,224
238,254,225
238,254,226
238,254,227
238,254,228
238,254,229
238,254,230
238,254,231
238,254,232
238,254,233
238,254,234
238,254,235
238,254,236
238,254,237
238,254,238
238,254,239
238,254,240
238,254,241
238,254,242
238,254,243
238,254,244
238,254,245
238,254,246
238,254,247
238,254,248
238,254,249
238,254,250
238,254,251
238,254,252
238,254,253
238,255,196
238,255,197
238,255,198
238,255,199
238,255,200
238,255,201
238,255,202
238,255,203
238,255,204
238,255,205
238,255,206
238,255,207
238,255,208
238,255,209
238,255,210
238,255,211
238,255,212
238,255,213
238,255,214
238,255,215
238,255,216
238,255,217
238,255,218
238,255,219
238,255,220
238,255,221
238,255,222
238,255,223
238,255,224
238,255,225
238,255,226
238,255,227
238,255,228
238,255,229
238,255,230
238,255,231
238,255,232
238,255,233
238,255,234
238,255,235
238,255,236
238,255,237
238,255,238
238,255,239
238,255,240
238,255,241
238,255,242
238,255,243
239,250,252
239,250,253
239,250,254
239,250,255
239,251,241
239,251,242
239,251,243
239,251,244
239,251,245
239,251,246
239,251,247
239,251,248
239,251,249
239,251,250
239,251,251
239,251,252
239,251,253
239,251,254
239,251,255
239,252,230
239,252,231
239,252,232
239,252,233
239,252,234
239,252,235
239,252,236
239,252,237
239,252,238
239,252,239
239,252,240
239,252,241
239,252,242
239,252,243
239,252,244
239,252,245
239,252,246
239,252,247
239,252,248
239,252,249
239,252,250
239,252,251
239,252,252
239,252,253
239,252,254
239,252,255
239,253,219
239,253,220
239,253,221
239,253,222
239,253,223
239,253,224
239,253,225
239,253,226
239,253,227
239,253,228
239,253,229
239,253,230
239,253,231
239,253,232
239,253,233
239,253,234
239,253,235
239,253,236
239,253,237
239,253,238
239,253,239
239,253,240
239,253,241
239,253,242
239,253,243
239,253,244
239,253,245
239,253,246
239,253,247
239,253,248
239,253,249
239,253,250
239,253,251
239,253,252
239,253,253
239,253,254
239,253,255
239,254,206
239,254,207
239,254,208
239,254,209
239,254,210
239,254,211
239,254,212
239,254,213
239,254,214
239,254,215
239,254,216
239,254,217
239,254,218
239,254,219
239,254,220
239,254,221
239,254,222
239,254,223
239,254,224
239,254,225
239,254,226
239,254,227
239,254,228
239,254,229
239,254,230
239,254,231
239,254,232
239,254,233
239,254,234
239,254,235
239,254,236
239,254,237
239,254,238
239,254,239
239,254,240
239,254,241
239,254,242
239,254,243
239,254,244
239,254,245
239,254,246
239,254,247
239,254,248
239,254,249
239,254,250
239,255,192
239,255,193
239,255,194
239,255,195
239,255,196
239,255,197
239,255,198
239,255,199
239,255,200
239,255,201
239,255,202
239,255,203
239,255,204
239,255,205
239,255,206
239,255,207
239,255,208
239,255,209
239,255,210
239,255,211
239,255,212
239,255,213
239,255,214
239,255,215
239,255,216
239,255,217
239,255,218
239,255,219
239,255,220
239,255,221
239,255,222
239,255,223
239,255,224
239,255,225
239,255,226
239,255,227
239,255,228
239,255,229
239,255,230
239,255,231
239,255,232
239,255,233
239,255,234
239,255,235
239,255,236
239,255,237
239,255,238
239,255,239
239,255,240
240,250,249
240,250,250
240,250,251
240,250,252
240,250,253
240,250,254
240,250,255
240,251,238
240,251,239
240,251,240
240,251,241
240,251,242
240,251,243
240,251,244
240,251,245
240,251,246
240,251,247
240,251,248
240,251,249
240,251,250
240,251,251
240,251,252
240,251,253
240,251,254
240,251,255
240,252,227
240,252,228
240,252,229
240,252,230
240,252,231
240,252,232
240,252,233
240,252,234
240,252,235
240,252,236
240,252,237
240,252,238
240,252,239
240,252,240
240,252,241
240,252,242
240,252,243
240,252,244
240,252,245
240,252,246
240,252,247
240,252,248
240,252,249
240,252,250
240,252,251
240,252,252
240,252,253
240,252,254
240,252,255
240,253,215
240,253,216
240,253,217
240,253,218
240,253,219
240,253,220
240,253,221
240,253,222
240,253,223
240,253,224
240,253,225
240,253,226
240,253,227
240,253,228
240,253,229
240,253,230
240,253,231
240,253,232
240,253,233
240,253,234
240,253,235
240,253,236
240,253,237
240,253,238
240,253,239
240,253,240
240,253,241
240,253,242
240,253,243
240,253,244
240,253,245
240,253,246
240,253,247
240,253,248
240,253,249
240,253,250
240,253,251
240,253,252
240,253,253
240,253,254
240,253,255
240,254,202
240,254,203
240,254,204
240,254,205
240,254,206
240,254,207
240,254,208
240,254,209
240,254,210
240,254,211
240,254,212
240,254,213
240,254,214
240,254,215
240,254,216
240,254,217
240,254,218
240,254,219
240,254,220
240,254,221
240,254,222
240,254,223
240,254,224
240,254,225
240,254,226
240,254,227
240,254,228
240,254,229
240,254,230
240,254,231
240,254,232
240,254,233
240,254,234
240,254,235
240,254,236
240,254,237
240,254,238
240,254,239
240,254,240
240,254,241
240,254,242
240,254,243
240,254,244
240,254,245
240,254,246
240,254,247
240,255,188
240,255,189
240,255,190
240,255,191
240,255,192
240,255,193
240,255,194
240,255,195
240,255,196
240,255,197
240,255,198
240,255,199
240,255,200
240,255,201
240,255,202
240,255,203
240,255,204
240,255,205
240,255,206
240,255,207
240,255,208
240,255,209
240,255,210
240,255,211
240,255,212
240,255,213
240,255,214
240,255,215
240,255,216
240,255,217
240,255,218
240,255,219
240,255,220
240,255,221
240,255,222
240,255,223
240,255,224
240,255,225
240,255,226
240,255,227
240,255,228
240,255,229
240,255,230
240,255,231
240,255,232
240,255,233
240,255,234
240,255,235
240,255,236
240,255,237
241,250,247
241,250,248
241,250,249
241,250,250
241,250,251
241,250,252
241,250,253
241,250,254
241,250,255
241,251,235
241,251,236
241,251,237
241,251,238
241,251,239
241,251,240
241,251,241
241,251,242
241,251,243
241,251,244
241,251,245
241,251,246
241,251,247
241,251,248
241,251,249
241,251,250
241,251,251
241,251,252
241,251,253
241,251,254
241,251,255
241,252,224
241,252,225
241,252,226
241,252,227
241,252,228
241,252,229
241,252,230
241,252,231
241,252,232
241,252,233
241,252,234
241,252,235
241,252,236
241,252,237
241,252,238
241,252,239
241,252,240
241,252,241
241,252,242
241,252,243
241,252,244
241,252,245
241,252,246
241,252,247
241,252,248
241,252,249
241,252,250
241,252,251
241,252,252
241,252,253
241,252,254
241,252,255
241,253,212
241,253,213
241,253,214
241,253,215
241,253,216
241,253,217
241,253,218
241,253,219
241,253,220
241,253,221
241,253,222
241,253,223
241,253,224
241,253,225
241,253,226
241,253,227
241,253,228
241,253,229
241,253,230
241,253,231
241,253,232
241,253,233
241,253,234
241,253,235
241,253,236
241,253,237
241,253,238
241,253,239
241,253,240
241,253,241
241,253,242
241,253,243
241,253,244
241,253,245
241,253,246
241,253,247
241,253,248
241,253,249
241,253,250
241,253,251
241,253,252
241,253,253
241,253,254
241,254,199
241,254,200
241,254,201
241,254,202
241,254,203
241,254,204
241,254,205
241,254,206
241,254,207
241,254,208
241,254,209
241,254,210
241,254,211
241,254,212
241,254,213
241,254,214
241,254,215
241,254,216
241,254,217
241,254,218
241,254,219
241,254,220
241,254,221
241,254,222
241,254,223
241,254,224
241,254,225
241,254,226
241,254,227
241,254,228
241,254,229
241,254,230
241,254,231
241,254,232
241,254,233
241,254,234
241,254,235
241,254,236
241,254,237
241,254,238
241,254,239
241,254,240
241,254,241
241,254,242
241,254,243
241,254,244
241,255,184
241,255,185
241,255,186
241,255,187
241,255,188
241,255,189
241,255,190
241,255,191
241,255,192
241,255,193
241,255,194
241,255,195
241,255,196
241,255,197
241,255,198
241,255,199
241,255,200
241,255,201
241,255,202
241,255,203
241,255,204
241,255,205
241,255,206
241,255,207
241,255,208
241,255,209
241,255,210
241,255,211
241,255,212
241,255,213
241,255,214
241,255,215
241,255,216
241,255,217
241,255,218
241,255,219
241,255,220
241,255,221
241,255,222
241,255,223
241,255,224
241,255,225
241,255,226
241,255,227
241,255,228
241,255,229
241,255,230
241,255,231
241,255,232
241,255,233
241,255,234
242,249,254
242,249,255
242,250,243
242,250,244
242,250,245
242,250,246
242,250,247
242,250,248
242,250,249
242,250,250
242,250,251
242,250,252
242,250,253
242,250,254
242,250,255
242,251,232
242,251,233
242,251,234
242,251,235
242,251,236
242,251,237
242,251,238
242,251,239
242,251,240
242,251,241
242,251,242
242,251,243
242,251,244
242,251,245
242,251,246
242,251,247
242,251,248
242,251,249
242,251,250
242,251,251
242,251,252
242,251,253
242,251,254
242,251,255
242,252,221
242,252,222
242,252,223
242,252,224
242,252,225
242,252,226
242,252,227
242,252,228
242,252,229
242,252,230
242,252,231
242,252,232
242,252,233
242,252,234
242,252,235
242,252,236
242,252,237
242,252,238
242,252,239
242,252,240
242,252,241
242,252,242
242,252,243
242,252,244
242,252,245
242,252,246
242,252,247
242,252,248
242,252,249
242,252,250
242,252,251
242,252,252
242,252,253
242,252,254
242,252,255
242,253,208
242,253,209
242,253,210
242,253,211
242,253,212
242,253,213
242,253,214
242,253,215
242,253,216
242,253,217
242,253,218
242,253,219
242,253,220
242,253,221
242,253,222
242,253,223
242,253,224
242,253,225
242,253,226
242,253,227
242,253,228
242,253,229
242,253,230
242,253,231
242,253,232
242,253,233
242,253,234
242,253,235
242,253,236
242,253,237
242,253,238
242,253,239
242,253,240
242,253,241
242,253,242
242,253,243
242,253,244
242,253,245
242,253,246
242,253,247
242,253,248
242,253,249
242,253,250
242,253,251
242,253,252
242,254,195
242,254,196
242,254,197
242,254,198
242,254,199
242,254,200
242,254,201
242,254,202
242,254,203
242,254,204
242,254,205
242,254,206
242,254,207
242,254,208
242,254,209
242,254,210
242,254,211
242,254,212
242,254,213
242,254,214
242,254,215
242,254,216
242,254,217
242,254,218
242,254,219
242,254,220
242,254,221
242,254,222
242,254,223
242,254,224
242,254,225
242,254,226
242,254,227
242,254,228
242,254,229
242,254,230
242,254,231
242,254,232
242,254,233
242,254,234
242,254,235
242,254,236
242,254,237
242,254,238
242,254,239
242,254,240
242,254,241
242,255,180
242,255,181
242,255,182
242,255,183
242,255,184
242,255,185
242,255,186
242,255,187
242,255,188
242,255,189
242,255,190
242,255,191
242,255,192
242,255,193
242,255,194
242,255,195
242,255,196
242,255,197
242,255,198
242,255,199
242,255,200
242,255,201
242,255,202
242,255,203
242,255,204
242,255,205
242,255,206
242,255,207
242,255,208
242,255,209
242,255,210
242,255,211
242,255,212
242,255,213
242,255,214
242,255,215
242,255,216
242,255,217
242,255,218
242,255,219
242,255,220
242,255,221
242,255,222
242,255,223
242,255,224
242,255,225
242,255,226
242,255,227
242,255,228
242,255,229
242,255,230
242,255,231
243,249,251
243,249,252
243,249,253
243,249,254
243,249,255
243,250,240
243,250,241
243,250,242
243,250,243
243,250,244
243,250,245
243,250,246
243,250,247
243,250,248
243,250,249
243,250,250
243,250,251
243,250,252
243,250,253
243,250,254
243,250,255
243,251,229
243,251,230
243,251,231
243,251,232
243,251,233
243,251,234
243,251,235
243,251,236
243,251,237
243,251,238
243,251,239
243,251,240
243,251,241
243,251,242
243,251,243
243,251,244
243,251,245
243,251,246
243,251,247
243,251,248
243,251,249
243,251,250
243,251,251
243,251,252
243,251,253
243,251,254
243,251,255
243,252,217
243,252,218
243,252,219
243,252,220
243,252,221
243,252,222
243,252,223
243,252,224
243,252,225
243,252,226
243,252,227
243,252,228
243,252,229
243,252,230
243,252,231
243,252,232
243,252,233
243,252,234
243,252,235
243,252,236
243,252,237
243,252,238
243,252,239
243,252,240
243,252,241
243,252,242
243,252,243
243,252,244
243,252,245
243,252,246
243,252,247
243,252,248
243,252,249
243,252,250
243,252,251
243,252,252
243,252,253
243,252,254
243,252,255
243,253,205
243,253,206
243,253,207
243,253,208
243,253,209
243,253,210
243,253,211
243,253,212
243,253,213
243,253,214
243,253,215
243,253,216
243,253,217
243,253,218
243,253,219
243,253,220
243,253,221
243,253,222
243,253,223
243,253,224
243,253,225
243,253,226
243,253,227
243,253,228
243,253,229
243,253,230
243,253,231
243,253,232
243,253,233
243,253,234
243,253,235
243,253,236
243,253,237
243,253,238
243,253,239
243,253,240
243,253,241
243,253,242
243,253,243
243,253,244
243,253,245
243,253,246
243,253,247
243,253,248
243,253,249
243,254,191
243,254,192
243,254,193
243,254,194
243,254,195
243,254,196
243,254,197
243,254,198
243,254,199
243,254,200
243,254,201
243,254,202
243,254,203
243,254,204
243,254,205
243,254,206
243,254,207
243,254,208
243,254,209
243,254,210
243,254,211
243,254,212
243,254,213
243,254,214
243,254,215
243,254,216
243,254,217
243,254,218
243,254,219
243,254,220
243,254,221
243,254,222
243,254,223
243,254,224
243,254,225
243,254,226
243,254,227
243,254,228
243,254,229
243,254,230
243,254,231
243,254,232
243,254,233
243,254,234
243,254,235
243,254,236
243,254,237
243,254,238
243,254,239
243,255,176
243,255,177
243,255,178
243,255,179
243,255,180
243,255,181
243,255,182
243,255,183
243,255,184
243,255,185
243,255,186
243,255,187
243,255,188
243,255,189
243,255,190
243,255,191
243,255,192
243,255,193
243,255,194
243,255,195
243,255,196
243,255,197
243,255,198
243,255,199
243,255,200
243,255,201
243,255,202
243,255,203
243,255,204
243,255,205
243,255,206
243,255,207
243,255,208
243,255,209
243,255,210
243,255,211
243,255,212
243,255,213
243,255,214
243,255,215
243,255,216
243,255,217
243,255,218
243,255,219
243,255,220
243,255,221
243,255,222
243,255,223
243,255,224
243,255,225
243,255,226
243,255,227
244,249,248
244,249,249
244,249,250
244,249,251
244,249,252
244,249,253
244,249,254
244,249,255
244,250,237
244,250,238
244,250,239
244,250,240
244,250,241
244,250,242
244,250,243
244,250,244
244,250,245
244,250,246
244,250,247
244,250,248
244,250,249
244,250,250
244,250,251
244,250,252
244,250,253
244,250,254
244,250,255
244,251,226
244,251,227
244,251,228
244,251,229
244,251,230
244,251,231
244,251,232
244,251,233
244,251,234
244,251,235
244,251,236
244,251,237
244,251,238
244,251,239
244,251,240
244,251,241
244,251,242
244,251,243
244,251,244
244,251,245
244,251,246
244,251,247
244,251,248
244,251,249
244,251,250
244,251,251
244,251,252
244,251,253
244,251,254
244,251,255
244,252,214
244,252,215
244,252,216
244,252,217
244,252,218
244,252,219
244,252,220
244,252,221
244,252,222
244,252,223
244,252,224
244,252,225
244,252,226
244,252,227
244,252,228
244,252,229
244,252,230
244,252,231
244,252,232
244,252,233
244,252,234
244,252,235
244,252,236
244,252,237
244,252,238
244,252,239
244,252,240
244,252,241
244,252,242
244,252,243
244,252,244
244,252,245
244,252,246
244,252,247
244,252,248
244,252,249
244,252,250
244,252,251
244,252,252
244,252,253
244,252,254
244,252,255
244,253,201
244,253,202
244,253,203
244,253,204
244,253,205
244,253,206
244,253,207
244,253,208
244,253,209
244,253,210
244,253,211
244,253,212
244,253,213
244,253,214
244,253,215
244,253,216
244,253,217
244,253,218
244,253,219
244,253,220
244,253,221
244,253,222
244,253,223
244,253,224
244,253,225
244,253,226
244,253,227
244,253,228
244,253,229
244,253,230
244,253,231
244,253,232
244,253,233
244,253,234
244,253,235
244,253,236
244,253,237
244,253,238
244,253,239
244,253,240
244,253,241
244,253,242
244,253,243
244,253,244
244,253,245
244,253,246
244,254,187
244,254,188
244,254,189
244,254,190
244,254,191
244,254,192
244,254,193
244,254,194
244,254,195
244,254,196
244,254,197
244,254,198
244,254,199
244,254,200
244,254,201
244,254,202
244,254,203
244,254,204
244,254,205
244,254,206
244,254,207
244,254,208
244,254,209
244,254,210
244,254,211
244,254,212
244,254,213
244,254,214
244,254,215
244,254,216
244,254,217
244,254,218
244,254,219
244,254,220
244,254,221
244,254,222
244,254,223
244,254,224
244,254,225
244,254,226
244,254,227
244,254,228
244,254,229
244,254,230
244,254,231
244,254,232
244,254,233
244,254,234
244,254,235
244,255,171
244,255,172
244,255,173
244,255,174
244,255,175
244,255,176
244,255,177
244,255,178
244,255,179
244,255,180
244,255,181
244,255,182
244,255,183
244,255,184
244,255,185
244,255,186
244,255,187
244,255,188
244,255,189
244,255,190
244,255,191
244,255,192
244,255,193
244,255,194
244,255,195
244,255,196
244,255,197
244,255,198
244,255,199
244,255,200
244,255,201
244,255,202
244,255,203
244,255,204
244,255,205
244,255,206
244,255,207
244,255,208
244,255,209
244,255,210
244,255,211
244,255,212
244,255,213
244,255,214
244,255,215
244,255,216
244,255,217
244,255,218
244,255,219
244,255,220
244,255,221
244,255,222
244,255,223
244,255,224
245,248,255
245,249,244
245,249,245
245,249,246
245,249,247
245,249,248
245,249,249
245,249,250
245,249,251
245,249,252
245,249,253
245,249,254
245,249,255
245,250,234
245,250,235
245,250,236
245,250,237
245,250,238
245,250,239
245,250,240
245,250,241
245,250,242
245,250,243
245,250,244
245,250,245
245,250,246
245,250,247
245,250,248
245,250,249
245,250,250
245,250,251
245,250,252
245,250,253
245,250,254
245,250,255
245,251,222
245,251,223
245,251,224
245,251,225
245,251,226
245,251,227
245,251,228
245,251,229
245,251,230
245,251,231
245,251,232
245,251,233
245,251,234
245,251,235
245,251,236
245,251,237
245,251,238
245,251,239
245,251,240
245,251,241
245,251,242
245,251,243
245,251,244
245,251,245
245,251,246
245,251,247
245,251,248
245,251,249
245,251,250
245,251,251
245,251,252
245,251,253
245,251,254
245,251,255
245,252,210
245,252,211
245,252,212
245,252,213
245,252,214
245,252,215
245,252,216
245,252,217
245,252,218
245,252,219
245,252,220
245,252,221
245,252,222
245,252,223
245,252,224
245,252,225
245,252,226
245,252,227
245,252,228
245,252,229
245,252,230
245,252,231
245,252,232
245,252,233
245,252,234
245,252,235
245,252,236
245,252,237
245,252,238
245,252,239
245,252,240
245,252,241
245,252,242
245,252,243
245,252,244
245,252,245
245,252,246
245,252,247
245,252,248
245,252,249
245,252,250
245,252,251
245,252,252
245,252,253
245,253,197
245,253,198
245,253,199
245,253,200
245,253,201
245,253,202
245,253,203
245,253,204
245,253,205
245,253,206
245,253,207
245,253,208
245,253,209
245,253,210
245,253,211
245,253,212
245,253,213
245,253,214
245,253,215
245,253,216
245,253,217
245,253,218
245,253,219
245,253,220
245,253,221
245,253,222
245,253,223
245,253,224
245,253,225
245,253,226
245,253,227
245,253,228
245,253,229
245,253,230
245,253,231
245,253,232
245,253,233
245,253,234
245,253,235
245,253,236
245,253,237
245,253,238
245,253,239
245,253,240
245,253,241
245,253,242
245,253,243
245,254,182
245,254,183
245,254,184
245,254,185
245,254,186
245,254,187
245,254,188
245,254,189
245,254,190
245,254,191
245,254,192
245,254,193
245,254,194
245,254,195
245,254,196
245,254,197
245,254,198
245,254,199
245,254,200
245,254,201
245,254,202
245,254,203
245,254,204
245,254,205
245,254,206
245,254,207
245,254,208
245,254,209
245,254,210
245,254,211
245,254,212
245,254,213
245,254,214
245,254,215
245,254,216
245,254,217
245,254,218
245,254,219
245,254,220
245,254,221
245,254,222
245,254,223
245,254,224
245,254,225
245,254,226
245,254,227
245,254,228
245,254,229
245,254,230
245,254,231
245,254,232
245,255,166
245,255,167
245,255,168
245,255,169
245,255,170
245,255,171
245,255,172
245,255,173
245,255,174
245,255,175
245,255,176
245,255,177
245,255,178
245,255,179
245,255,180
245,255,181
245,255,182
245,255,183
245,255,184
245,255,185
245,255,186
245,255,187
245,255,188
245,255,189
245,255,190
245,255,191
245,255,192
245,255,193
245,255,194
245,255,195
245,255,196
245,255,197
245,255,198
245,255,199
245,255,200
245,255,201
245,255,202
245,255,203
245,255,204
245,255,205
245,255,206
245,255,207
245,255,208
245,255,209
245,255,210
245,255,211
245,255,212
245,255,213
245,255,214
245,255,215
245,255,216
245,255,217
245,255,218
245,255,219
245,255,220
245,255,221
246,248,252
246,248,253
246,248,254
246,248,255
246,249,241
246,249,242
246,249,243
246,249,244
246,249,245
246,249,246
246,249,247
246,249,248
246,249,249
246,249,250
246,249,251
246,249,252
246,249,253
246,249,254
246,249,255
246,250,230
246,250,231
246,250,232
246,250,233
246,250,234
246,250,235
246,250,236
246,250,237
246,250,238
246,250,239
246,250,240
246,250,241
246,250,242
246,250,243
246,250,244
246,250,245
246,250,246
246,250,247
246,250,248
246,250,249
246,250,250
246,250,251
246,250,252
246,250,253
246,250,254
246,250,255
246,251,219
246,251,220
246,251,221
246,251,222
246,251,223
246,251,224
246,251,225
246,251,226
246,251,227
246,251,228
246,251,229
246,251,230
246,251,231
246,251,232
246,251,233
246,251,234
246,251,235
246,251,236
246,251,237
246,251,238
246,251,239
246,251,240
246,251,241
246,251,242
246,251,243
246,251,244
246,251,245
246,251,246
246,251,247
246,251,248
246,251,249
246,251,250
246,251,251
246,251,252
246,251,253
246,251,254
246,251,255
246,252,207
246,252,208
246,252,209
246,252,210
246,252,211
246,252,212
246,252,213
246,252,214
246,252,215
246,252,216
246,252,217
246,252,218
246,252,219
246,252,220
246,252,221
246,252,222
246,252,223
246,252,224
246,252,225
246,252,226
246,252,227
246,252,228
246,252,229
246,252,230
246,252,231
246,252,232
246,252,233
246,252,234
246,252,235
246,252,236
246,252,237
246,252,238
246,252,239
246,252,240
246,252,241
246,252,242
246,252,243
246,252,244
246,252,245
246,252,246
246,252,247
246,252,248
246,252,249
246,252,250
246,253,193
246,253,194
246,253,195
246,253,196
246,253,197
246,253,198
246,253,199
246,253,200
246,253,201
246,253,202
246,253,203
246,253,204
246,253,205
246,253,206
246,253,207
246,253,208
246,253,209
246,253,210
246,253,211
246,253,212
246,253,213
246,253,214
246,253,215
246,253,216
246,253,217
246,253,218
246,253,219
246,253,220
246,253,221
246,253,222
246,253,223
246,253,224
246,253,225
246,253,226
246,253,227
246,253,228
246,253,229
246,253,230
246,253,231
246,253,232
246,253,233
246,253,234
246,253,235
246,253,236
246,253,237
246,253,238
246,253,239
246,253,240
246,254,178
246,254,179
246,254,180
246,254,181
246,254,182
246,254,183
246,254,184
246,254,185
246,254,186
246,254,187
246,254,188
246,254,189
246,254,190
246,254,191
246,254,192
246,254,193
246,254,194
246,254,195
246,254,196
246,254,197
246,254,198
246,254,199
246,254,200
246,254,201
246,254,202
246,254,203
246,254,204
246,254,205
246,254,206
246,254,207
246,254,208
246,254,209
246,254,210
246,254,211
246,254,212
246,254,213
246,254,214
246,254,215
246,254,216
246,254,217
246,254,218
246,254,219
246,254,220
246,254,221
246,254,222
246,254,223
246,254,224
246,254,225
246,254,226
246,254,227
246,254,228
246,254,229
246,255,161
246,255,162
246,255,163
246,255,164
246,255,165
246,255,166
246,255,167
246,255,168
246,255,169
246,255,170
246,255,171
246,255,172
246,255,173
246,255,174
246,255,175
246,255,176
246,255,177
246,255,178
246,255,179
246,255,180
246,255,181
246,255,182
246,255,183
246,255,184
246,255,185
246,255,186
246,255,187
246,255,188
246,255,189
246,255,190
246,255,191
246,255,192
246,255,193
246,255,194
246,255,195
246,255,196
246,255,197
246,255,198
246,255,199
246,255,200
246,255,201
246,255,202
246,255,203
246,255,204
246,255,205
246,255,206
246,255,207
246,255,208
246,255,209
246,255,210
246,255,211
246,255,212
246,255,213
246,255,214
246,255,215
246,255,216
246,255,217
247,248,249
247,248,250
247,248,251
247,248,252
247,248,253
247,248,254
247,248,255
247,249,238
247,249,239
247,249,240
247,249,241
247,249,242
247,249,243
247,249,244
247,249,245
247,249,246
247,249,247
247,249,248
247,249,249
247,249,250
247,249,251
247,249,252
247,249,253
247,249,254
247,249,255
247,250,227
247,250,228
247,250,229
247,250,230
247,250,231
247,250,232
247,250,233
247,250,234
247,250,235
247,250,236
247,250,237
247,250,238
247,250,239
247,250,240
247,250,241
247,250,242
247,250,243
247,250,244
247,250,245
247,250,246
247,250,247
247,250,248
247,250,249
247,250,250
247,250,251
247,250,252
247,250,253
247,250,254
247,250,255
247,251,215
247,251,216
247,251,217
247,251,218
247,251,219
247,251,220
247,251,221
247,251,222
247,251,223
247,251,224
247,251,225
247,251,226
247,251,227
247,251,228
247,251,229
247,251,230
247,251,231
247,251,232
247,251,233
247,251,234
247,251,235
247,251,236
247,251,237
247,251,238
247,251,239
247,251,240
247,251,241
247,251,242
247,251,243
247,251,244
247,251,245
247,251,246
247,251,247
247,251,248
247,251,249
247,251,250
247,251,251
247,251,252
247,251,253
247,251,254
247,251,255
247,252,203
247,252,204
247,252,205
247,252,206
247,252,207
247,252,208
247,252,209
247,252,210
247,252,211
247,252,212
247,252,213
247,252,214
247,252,215
247,252,216
247,252,217
247,252,218
247,252,219
247,252,220
247,252,221
247,252,222
247,252,223
247,252,224
247,252,225
247,252,226
247,252,227
247,252,228
247,252,229
247,252,230
247,252,231
247,252,232
247,252,233
247,252,234
247,252,235
247,252,236
247,252,237
247,252,238
247,252,239
247,252,240
247,252,241
247,252,242
247,252,243
247,252,244
247,252,245
247,252,246
247,252,247
247,253,189
247,253,190
247,253,191
247,253,192
247,253,193
247,253,194
247,253,195
247,253,196
247,253,197
247,253,198
247,253,199
247,253,200
247,253,201
247,253,202
247,253,203
247,253,204
247,253,205
247,253,206
247,253,207
247,253,208
247,253,209
247,253,210
247,253,211
247,253,212
247,253,213
247,253,214
247,253,215
247,253,216
247,253,217
247,253,218
247,253,219
247,253,220
247,253,221
247,253,222
247,253,223
247,253,224
247,253,225
247,253,226
247,253,227
247,253,228
247,253,229
247,253,230
247,253,231
247,253,232
247,253,233
247,253,234
247,253,235
247,253,236
247,253,237
247,254,173
247,254,174
247,254,175
247,254,176
247,254,177
247,254,178
247,254,179
247,254,180
247,254,181
247,254,182
247,254,183
247,254,184
247,254,185
247,254,186
247,254,187
247,254,188
247,254,189
247,254,190
247,254,191
247,254,192
247,254,193
247,254,194
247,254,195
247,254,196
247,254,197
247,254,198
247,254,199
247,254,200
247,254,201
247,254,202
247,254,203
247,254,204
247,254,205
247,254,206
247,254,207
247,254,208
247,254,209
247,254,210
247,254,211
247,254,212
247,254,213
247,254,214
247,254,215
247,254,216
247,254,217
247,254,218
247,254,219
247,254,220
247,254,221
247,254,222
247,254,223
247,254,224
247,254,225
247,254,226
247,255,156
247,255,157
247,255,158
247,255,159
247,255,160
247,255,161
247,255,162
247,255,163
247,255,164
247,255,165
247,255,166
247,255,167
247,255,168
247,255,169
247,255,170
247,255,171
247,255,172
247,255,173
247,255,174
247,255,175
247,255,176
247,255,177
247,255,178
247,255,179
247,255,180
247,255,181
247,255,182
247,255,183
247,255,184
247,255,185
247,255,186
247,255,187
247,255,188
247,255,189
247,255,190
247,255,191
247,255,192
247,255,193
247,255,194
247,255,195
247,255,196
247,255,197
247,255,198
247,255,199
247,255,200
247,255,201
247,255,202
247,255,203
247,255,204
247,255,205
247,255,206
247,255,207
247,255,208
247,255,209
247,255,210
247,255,211
247,255,212
247,255,213
247,255,214
248,248,245
248,248,246
248,248,247
248,248,248
248,248,249
248,248,250
248,248,251
248,248,252
248,248,253
248,248,254
248,248,255
248,249,235
248,249,236
248,249,237
248,249,238
248,249,239
248,249,240
248,249,241
248,249,242
248,249,243
248,249,244
248,249,245
248,249,246
248,249,247
248,249,248
248,249,249
248,249,250
248,249,251
248,249,252
248,249,253
248,249,254
248,249,255
248,250,224
248,250,225
248,250,226
248,250,227
248,250,228
248,250,229
248,250,230
248,250,231
248,250,232
248,250,233
248,250,234
248,250,235
248,250,236
248,250,237
248,250,238
248,250,239
248,250,240
248,250,241
248,250,242
248,250,243
248,250,244
248,250,245
248,250,246
248,250,247
248,250,248
248,250,249
248,250,250
248,250,251
248,250,252
248,250,253
248,250,254
248,250,255
248,251,212
248,251,213
248,251,214
248,251,215
248,251,216
248,251,217
248,251,218
248,251,219
248,251,220
248,251,221
248,251,222
248,251,223
248,251,224
248,251,225
248,251,226
248,251,227
248,251,228
248,251,229
248,251,230
248,251,231
248,251,232
248,251,233
248,251,234
248,251,235
248,251,236
248,251,237
248,251,238
248,251,239
248,251,240
248,251,241
248,251,242
248,251,243
248,251,244
248,251,245
248,251,246
248,251,247
248,251,248
248,251,249
248,251,250
248,251,251
248,251,252
248,251,253
248,251,254
248,252,199
248,252,200
248,252,201
248,252,202
248,252,203
248,252,204
248,252,205
248,252,206
248,252,207
248,252,208
248,252,209
248,252,210
248,252,211
248,252,212
248,252,213
248,252,214
248,252,215
248,252,216
248,252,217
248,252,218
248,252,219
248,252,220
248,252,221
248,252,222
248,252,223
248,252,224
248,252,225
248,252,226
248,252,227
248,252,228
248,252,229
248,252,230
248,252,231
248,252,232
248,252,233
248,252,234
248,252,235
248,252,236
248,252,237
248,252,238
248,252,239
248,252,240
248,252,241
248,252,242
248,252,243
248,252,244
248,252,245
248,253,185
248,253,186
248,253,187
248,253,188
248,253,189
248,253,190
248,253,191
248,253,192
248,253,193
248,253,194
248,253,195
248,253,196
248,253,197
248,253,198
248,253,199
248,253,200
248,253,201
248,253,202
248,253,203
248,253,204
248,253,205
248,253,206
248,253,207
248,253,208
248,253,209
248,253,210
248,253,211
248,253,212
248,253,213
248,253,214
248,253,215
248,253,216
248,253,217
248,253,218
248,253,219
248,253,220
248,253,221
248,253,222
248,253,223
248,253,224
248,253,225
248,253,226
248,253,227
248,253,228
248,253,229
248,253,230
248,253,231
248,253,232
248,253,233
248,253,234
248,254,169
248,254,170
248,254,171
248,254,172
248,254,173
248,254,174
248,254,175
248,254,176
248,254,177
248,254,178
248,254,179
248,254,180
248,254,181
248,254,182
248,254,183
248,254,184
248,254,185
248,254,186
248,254,187
248,254,188
248,254,189
248,254,190
248,254,191
248,254,192
248,254,193
248,254,194
248,254,195
248,254,196
248,254,197
248,254,198
248,254,199
248,254,200
248,254,201
248,254,202
248,254,203
248,254,204
248,254,205
248,254,206
248,254,207
248,254,208
248,254,209
248,254,210
248,254,211
248,254,212
248,254,213
248,254,214
248,254,215
248,254,216
248,254,217
248,254,218
248,254,219
248,254,220
248,254,221
248,254,222
248,254,223
248,255,150
248,255,151
248,255,152
248,255,153
248,255,154
248,255,155
248,255,156
248,255,157
248,255,158
248,255,159
248,255,160
248,255,161
248,255,162
248,255,163
248,255,164
248,255,165
248,255,166
248,255,167
248,255,168
248,255,169
248,255,170
248,255,171
248,255,172
248,255,173
248,255,174
248,255,175
248,255,176
248,255,177
248,255,178
248,255,179
248,255,180
248,255,181
248,255,182
248,255,183
248,255,184
248,255,185
248,255,186
248,255,187
248,255,188
248,255,189
248,255,190
248,255,191
248,255,192
248,255,193
248,255,194
248,255,195
248,255,196
248,255,197
248,255,198
248,255,199
248,255,200
248,255,201
248,255,202
248,255,203
248,255,204
248,255,205
248,255,206
248,255,207
248,255,208
248,255,209
248,255,210
249,247,253
249,247,254
249,247,255
249,248,242
249,248,243
249,248,244
249,248,245
249,248,246
249,248,247
249,248,248
249,248,249
249,248,250
249,248,251
249,248,252
249,248,253
249,248,254
249,248,255
249,249,232
249,249,233
249,249,234
249,249,235
249,249,236
249,249,237
249,249,238
249,249,239
249,249,240
249,249,241
249,249,242
249,249,243
249,249,244
249,249,245
249,249,246
249,249,247
249,249,248
249,249,249
249,249,250
249,249,251
249,249,252
249,249,253
249,249,254
249,249,255
249,250,220
249,250,221
249,250,222
249,250,223
249,250,224
249,250,225
249,250,226
249,250,227
249,250,228
249,250,229
249,250,230
249,250,231
249,250,232
249,250,233
249,250,234
249,250,235
249,250,236
249,250,237
249,250,238
249,250,239
249,250,240
249,250,241
249,250,242
249,250,243
249,250,244
249,250,245
249,250,246
249,250,247
249,250,248
249,250,249
249,250,250
249,250,251
249,250,252
249,250,253
249,250,254
249,250,255
249,251,208
249,251,209
249,251,210
249,251,211
249,251,212
249,251,213
249,251,214
249,251,215
249,251,216
249,251,217
249,251,218
249,251,219
249,251,220
249,251,221
249,251,222
249,251,223
249,251,224
249,251,225
249,251,226
249,251,227
249,251,228
249,251,229
249,251,230
249,251,231
249,251,232
249,251,233
249,251,234
249,251,235
249,251,236
249,251,237
249,251,238
249,251,239
249,251,240
249,251,241
249,251,242
249,251,243
249,251,244
249,251,245
249,251,246
249,251,247
249,251,248
249,251,249
249,251,250
249,251,251
249,251,252
249,252,195
249,252,196
249,252,197
249,252,198
249,252,199
249,252,200
249,252,201
249,252,202
249,252,203
249,252,204
249,252,205
249,252,206
249,252,207
249,252,208
249,252,209
249,252,210
249,252,211
249,252,212
249,252,213
249,252,214
249,252,215
249,252,216
249,252,217
249,252,218
249,252,219
249,252,220
249,252,221
249,252,222
249,252,223
249,252,224
249,252,225
249,252,226
249,252,227
249,252,228
249,252,229
249,252,230
249,252,231
249,252,232
249,252,233
249,252,234
249,252,235
249,252,236
249,252,237
249,252,238
249,252,239
249,252,240
249,252,241
249,253,180
249,253,181
249,253,182
249,253,183
249,253,184
249,253,185
249,253,186
249,253,187
249,253,188
249,253,189
249,253,190
249,253,191
249,253,192
249,253,193
249,253,194
249,253,195
249,253,196
249,253,197
249,253,198
249,253,199
249,253,200
249,253,201
249,253,202
249,253,203
249,253,204
249,253,205
249,253,206
249,253,207
249,253,208
249,253,209
249,253,210
249,253,211
249,253,212
249,253,213
249,253,214
249,253,215
249,253,216
249,253,217
249,253,218
249,253,219
249,253,220
249,253,221
249,253,222
249,253,223
249,253,224
249,253,225
249,253,226
249,253,227
249,253,228
249,253,229
249,253,230
249,253,231
249,254,164
249,254,165
249,254,166
249,254,167
249,254,168
249,254,169
249,254,170
249,254,171
249,254,172
249,254,173
249,254,174
249,254,175
249,254,176
249,254,177
249,254,178
249,254,179
249,254,180
249,254,181
249,254,182
249,254,183
249,254,184
249,254,185
249,254,186
249,254,187
249,254,188
249,254,189
249,254,190
249,254,191
249,254,192
249,254,193
249,254,194
249,254,195
249,254,196
249,254,197
249,254,198
249,254,199
249,254,200
249,254,201
249,254,202
249,254,203
249,254,204
249,254,205
249,254,206
249,254,207
249,254,208
249,254,209
249,254,210
249,254,211
249,254,212
249,254,213
249,254,214
249,254,215
249,254,216
249,254,217
249,254,218
249,254,219
249,255,144
249,255,145
249,255,146
249,255,147
249,255,148
249,255,149
249,255,150
249,255,151
249,255,152
249,255,153
249,255,154
249,255,155
249,255,156
249,255,157
249,255,158
249,255,159
249,255,160
249,255,161
249,255,162
249,255,163
249,255,164
249,255,165
249,255,166
249,255,167
249,255,168
249,255,169
249,255,170
249,255,171
249,255,172
249,255,173
249,255,174
249,255,175
249,255,176
249,255,177
249,255,178
249,255,179
249,255,180
249,255,181
249,255,182
249,255,183
249,255,184
249,255,185
249,255,186
249,255,187
249,255,188
249,255,189
249,255,190
249,255,191
249,255,192
249,255,193
249,255,194
249,255,195
249,255,196
249,255,197
249,255,198
249,255,199
249,255,200
249,255,201
249,255,202
249,255,203
249,255,204
249,255,205
249,255,206
249,255,207
250,247,250
250,247,251
250,247,252
250,247,253
250,247,254
250,247,255
250,248,239
250,248,240
250,248,241
250,248,242
250,248,243
250,248,244
250,248,245
250,248,246
250,248,247
250,248,248
250,248,249
250,248,250
250,248,251
250,248,252
250,248,253
250,248,254
250,248,255
250,249,228
250,249,229
250,249,230
250,249,231
250,249,232
250,249,233
250,249,234
250,249,235
250,249,236
250,249,237
250,249,238
250,249,239
250,249,240
250,249,241
250,249,242
250,249,243
250,249,244
250,249,245
250,249,246
250,249,247
250,249,248
250,249,249
250,249,250
250,249,251
250,249,252
250,249,253
250,249,254
250,249,255
250,250,217
250,250,218
250,250,219
250,250,220
250,250,221
250,250,222
250,250,223
250,250,224
250,250,225
250,250,226
250,250,227
250,250,228
250,250,229
250,250,230
250,250,231
250,250,232
250,250,233
250,250,234
250,250,235
250,250,236
250,250,237
250,250,238
250,250,239
250,250,240
250,250,241
250,250,242
250,250,243
250,250,244
250,250,245
250,250,246
250,250,247
250,250,248
250,250,249
250,250,250
250,250,251
250,250,252
250,250,253
250,250,254
250,250,255
250,251,204
250,251,205
250,251,206
250,251,207
250,251,208
250,251,209
250,251,210
250,251,211
250,251,212
250,251,213
250,251,214
250,251,215
250,251,216
250,251,217
250,251,218
250,251,219
250,251,220
250,251,221
250,251,222
250,251,223
250,251,224
250,251,225
250,251,226
250,251,227
250,251,228
250,251,229
250,251,230
250,251,231
250,251,232
250,251,233
250,251,234
250,251,235
250,251,236
250,251,237
250,251,238
250,251,239
250,251,240
250,251,241
250,251,242
250,251,243
250,251,244
250,251,245
250,251,246
250,251,247
250,251,248
250,251,249
250,252,191
250,252,192
250,252,193
250,252,194
250,252,195
250,252,196
250,252,197
250,252,198
250,252,199
250,252,200
250,252,201
250,252,202
250,252,203
250,252,204
250,252,205
250,252,206
250,252,207
250,252,208
250,252,209
250,252,210
250,252,211
250,252,212
250,252,213
250,252,214
250,252,215
250,252,216
250,252,217
250,252,218
250,252,219
250,252,220
250,252,221
250,252,222
250,252,223
250,252,224
250,252,225
250,252,226
250,252,227
250,252,228
250,252,229
250,252,230
250,252,231
250,252,232
250,252,233
250,252,234
250,252,235
250,252,236
250,252,237
250,252,238
250,253,176
250,253,177
250,253,178
250,253,179
250,253,180
250,253,181
250,253,182
250,253,183
250,253,184
250,253,185
250,253,186
250,253,187
250,253,188
250,253,189
250,253,190
250,253,191
250,253,192
250,253,193
250,253,194
250,253,195
250,253,196
250,253,197
250,253,198
250,253,199
250,253,200
250,253,201
250,253,202
250,253,203
250,253,204
250,253,205
250,253,206
250,253,207
250,253,208
250,253,209
250,253,210
250,253,211
250,253,212
250,253,213
250,253,214
250,253,215
250,253,216
250,253,217
250,253,218
250,253,219
250,253,220
250,253,221
250,253,222
250,253,223
250,253,224
250,253,225
250,253,226
250,253,227
250,254,158
250,254,159
250,254,160
250,254,161
250,254,162
250,254,163
250,254,164
250,254,165
250,254,166
250,254,167
250,254,168
250,254,169
250,254,170
250,254,171
250,254,172
250,254,173
250,254,174
250,254,175
250,254,176
250,254,177
250,254,178
250,254,179
250,254,180
250,254,181
250,254,182
250,254,183
250,254,184
250,254,185
250,254,186
250,254,187
250,254,188
250,254,189
250,254,190
250,254,191
250,254,192
250,254,193
250,254,194
250,254,195
250,254,196
250,254,197
250,254,198
250,254,199
250,254,200
250,254,201
250,254,202
250,254,203
250,254,204
250,254,205
250,254,206
250,254,207
250,254,208
250,254,209
250,254,210
250,254,211
250,254,212
250,254,213
250,254,214
250,254,215
250,254,216
250,255,138
250,255,139
250,255,140
250,255,141
250,255,142
250,255,143
250,255,144
250,255,145
250,255,146
250,255,147
250,255,148
250,255,149
250,255,150
250,255,151
250,255,152
250,255,153
250,255,154
250,255,155
250,255,156
250,255,157
250,255,158
250,255,159
250,255,160
250,255,161
250,255,162
250,255,163
250,255,164
250,255,165
250,255,166
250,255,167
250,255,168
250,255,169
250,255,170
250,255,171
250,255,172
250,255,173
250,255,174
250,255,175
250,255,176
250,255,177
250,255,178
250,255,179
250,255,180
250,255,181
250,255,182
250,255,183
250,255,184
250,255,185
250,255,186
250,255,187
250,255,188
250,255,189
250,255,190
250,255,191
250,255,192
250,255,193
250,255,194
250,255,195
250,255,196
250,255,197
250,255,198
250,255,199
250,255,200
250,255,201
250,255,202
250,255,203
251,247,247
251,247,248
251,247,249
251,247,250
251,247,251
251,247,252
251,247,253
251,247,254
251,247,255
251,248,236
251,248,237
251,248,238
251,248,239
251,248,240
251,248,241
251,248,242
251,248,243
251,248,244
251,248,245
251,248,246
251,248,247
251,248,248
251,248,249
251,248,250
251,248,251
251,248,252
251,248,253
251,248,254
251,248,255
251,249,225
251,249,226
251,249,227
251,249,228
251,249,229
251,249,230
251,249,231
251,249,232
251,249,233
251,249,234
251,249,235
251,249,236
251,249,237
251,249,238
251,249,239
251,249,240
251,249,241
251,249,242
251,249,243
251,249,244
251,249,245
251,249,246
251,249,247
251,249,248
251,249,249
251,249,250
251,249,251
251,249,252
251,249,253
251,249,254
251,249,255
251,250,213
251,250,214
251,250,215
251,250,216
251,250,217
251,250,218
251,250,219
251,250,220
251,250,221
251,250,222
251,250,223
251,250,224
251,250,225
251,250,226
251,250,227
251,250,228
251,250,229
251,250,230
251,250,231
251,250,232
251,250,233
251,250,234
251,250,235
251,250,236
251,250,237
251,250,238
251,250,239
251,250,240
251,250,241
251,250,242
251,250,243
251,250,244
251,250,245
251,250,246
251,250,247
251,250,248
251,250,249
251,250,250
251,250,251
251,250,252
251,250,253
251,250,254
251,250,255
251,251,200
251,251,201
251,251,202
251,251,203
251,251,204
251,251,205
251,251,206
251,251,207
251,251,208
251,251,209
251,251,210
251,251,211
251,251,212
251,251,213
251,251,214
251,251,215
251,251,216
251,251,217
251,251,218
251,251,219
251,251,220
251,251,221
251,251,222
251,251,223
251,251,224
251,251,225
251,251,226
251,251,227
251,251,228
251,251,229
251,251,230
251,251,231
251,251,232
251,251,233
251,251,234
251,251,235
251,251,236
251,251,237
251,251,238
251,251,239
251,251,240
251,251,241
251,251,242
251,251,243
251,251,244
251,251,245
251,251,246
251,252,186
251,252,187
251,252,188
251,252,189
251,252,190
251,252,191
251,252,192
251,252,193
251,252,194
251,252,195
251,252,196
251,252,197
251,252,198
251,252,199
251,252,200
251,252,201
251,252,202
251,252,203
251,252,204
251,252,205
251,252,206
251,252,207
251,252,208
251,252,209
251,252,210
251,252,211
251,252,212
251,252,213
251,252,214
251,252,215
251,252,216
251,252,217
251,252,218
251,252,219
251,252,220
251,252,221
251,252,222
251,252,223
251,252,224
251,252,225
251,252,226
251,252,227
251,252,228
251,252,229
251,252,230
251,252,231
251,252,232
251,252,233
251,252,234
251,252,235
251,253,171
251,253,172
251,253,173
251,253,174
251,253,175
251,253,176
251,253,177
251,253,178
251,253,179
251,253,180
251,253,181
251,253,182
251,253,183
251,253,184
251,253,185
251,253,186
251,253,187
251,253,188
251,253,189
251,253,190
251,253,191
251,253,192
251,253,193
251,253,194
251,253,195
251,253,196
251,253,197
251,253,198
251,253,199
251,253,200
251,253,201
251,253,202
251,253,203
251,253,204
251,253,205
251,253,206
251,253,207
251,253,208
251,253,209
251,253,210
251,253,211
251,253,212
251,253,213
251,253,214
251,253,215
251,253,216
251,253,217
251,253,218
251,253,219
251,253,220
251,253,221
251,253,222
251,253,223
251,253,224
251,254,153
251,254,154
251,254,155
251,254,156
251,254,157
251,254,158
251,254,159
251,254,160
251,254,161
251,254,162
251,254,163
251,254,164
251,254,165
251,254,166
251,254,167
251,254,168
251,254,169
251,254,170
251,254,171
251,254,172
251,254,173
251,254,174
251,254,175
251,254,176
251,254,177
251,254,178
251,254,179
251,254,180
251,254,181
251,254,182
251,254,183
251,254,184
251,254,185
251,254,186
251,254,187
251,254,188
251,254,189
251,254,190
251,254,191
251,254,192
251,254,193
251,254,194
251,254,195
251,254,196
251,254,197
251,254,198
251,254,199
251,254,200
251,254,201
251,254,202
251,254,203
251,254,204
251,254,205
251,254,206
251,254,207
251,254,208
251,254,209
251,254,210
251,254,211
251,254,212
251,255,132
251,255,133
251,255,134
251,255,135
251,255,136
251,255,137
251,255,138
251,255,139
251,255,140
251,255,141
251,255,142
251,255,143
251,255,144
251,255,145
251,255,146
251,255,147
251,255,148
251,255,149
251,255,150
251,255,151
251,255,152
251,255,153
251,255,154
251,255,155
251,255,156
251,255,157
251,255,158
251,255,159
251,255,160
251,255,161
251,255,162
251,255,163
251,255,164
251,255,165
251,255,166
251,255,167
251,255,168
251,255,169
251,255,170
251,255,171
251,255,172
251,255,173
251,255,174
251,255,175
251,255,176
251,255,177
251,255,178
251,255,179
251,255,180
251,255,181
251,255,182
251,255,183
251,255,184
251,255,185
251,255,186
251,255,187
251,255,188
251,255,189
251,255,190
251,255,191
251,255,192
251,255,193
251,255,194
251,255,195
251,255,196
251,255,197
251,255,198
251,255,199
252,246,254
252,246,255
252,247,243
252,247,244
252,247,245
252,247,246
252,247,247
252,247,248
252,247,249
252,247,250
252,247,251
252,247,252
252,247,253
252,247,254
252,247,255
252,248,233
252,248,234
252,248,235
252,248,236
252,248,237
252,248,238
252,248,239
252,248,240
252,248,241
252,248,242
252,248,243
252,248,244
252,248,245
252,248,246
252,248,247
252,248,248
252,248,249
252,248,250
252,248,251
252,248,252
252,248,253
252,248,254
252,248,255
252,249,222
252,249,223
252,249,224
252,249,225
252,249,226
252,249,227
252,249,228
252,249,229
252,249,230
252,249,231
252,249,232
252,249,233
252,249,234
252,249,235
252,249,236
252,249,237
252,249,238
252,249,239
252,249,240
252,249,241
252,249,242
252,249,243
252,249,244
252,249,245
252,249,246
252,249,247
252,249,248
252,249,249
252,249,250
252,249,251
252,249,252
252,249,253
252,249,254
252,249,255
252,250,210
252,250,211
252,250,212
252,250,213
252,250,214
252,250,215
252,250,216
252,250,217
252,250,218
252,250,219
252,250,220
252,250,221
252,250,222
252,250,223
252,250,224
252,250,225
252,250,226
252,250,227
252,250,228
252,250,229
252,250,230
252,250,231
252,250,232
252,250,233
252,250,234
252,250,235
252,250,236
252,250,237
252,250,238
252,250,239
252,250,240
252,250,241
252,250,242
252,250,243
252,250,244
252,250,245
252,250,246
252,250,247
252,250,248
252,250,249
252,250,250
252,250,251
252,250,252
252,250,253
252,251,196
252,251,197
252,251,198
252,251,199
252,251,200
252,251,201
252,251,202
252,251,203
252,251,204
252,251,205
252,251,206
252,251,207
252,251,208
252,251,209
252,251,210
252,251,211
252,251,212
252,251,213
252,251,214
252,251,215
252,251,216
252,251,217
252,251,218
252,251,219
252,251,220
252,251,221
252,251,222
252,251,223
252,251,224
252,251,225
252,251,226
252,251,227
252,251,228
252,251,229
252,251,230
252,251,231
252,251,232
252,251,233
252,251,234
252,251,235
252,251,236
252,251,237
252,251,238
252,251,239
252,251,240
252,251,241
252,251,242
252,251,243
252,252,182
252,252,183
252,252,184
252,252,185
252,252,186
252,252,187
252,252,188
252,252,189
252,252,190
252,252,191
252,252,192
252,252,193
252,252,194
252,252,195
252,252,196
252,252,197
252,252,198
252,252,199
252,252,200
252,252,201
252,252,202
252,252,203
252,252,204
252,252,205
252,252,206
252,252,207
252,252,208
252,252,209
252,252,210
252,252,211
252,252,212
252,252,213
252,252,214
252,252,215
252,252,216
252,252,217
252,252,218
252,252,219
252,252,220
252,252,221
252,252,222
252,252,223
252,252,224
252,252,225
252,252,226
252,252,227
252,252,228
252,252,229
252,252,230
252,252,231
252,252,232
252,253,166
252,253,167
252,253,168
252,253,169
252,253,170
252,253,171
252,253,172
252,253,173
252,253,174
252,253,175
252,253,176
252,253,177
252,253,178
252,253,179
252,253,180
252,253,181
252,253,182
252,253,183
252,253,184
252,253,185
252,253,186
252,253,187
252,253,188
252,253,189
252,253,190
252,253,191
252,253,192
252,253,193
252,253,194
252,253,195
252,253,196
252,253,197
252,253,198
252,253,199
252,253,200
252,253,201
252,253,202
252,253,203
252,253,204
252,253,205
252,253,206
252,253,207
252,253,208
252,253,209
252,253,210
252,253,211
252,253,212
252,253,213
252,253,214
252,253,215
252,253,216
252,253,217
252,253,218
252,253,219
252,253,220
252,253,221
252,254,147
252,254,148
252,254,149
252,254,150
252,254,151
252,254,152
252,254,153
252,254,154
252,254,155
252,254,156
252,254,157
252,254,158
252,254,159
252,254,160
252,254,161
252,254,162
252,254,163
252,254,164
252,254,165
252,254,166
252,254,167
252,254,168
252,254,169
252,254,170
252,254,171
252,254,172
252,254,173
252,254,174
252,254,175
252,254,176
252,254,177
252,254,178
252,254,179
252,254,180
252,254,181
252,254,182
252,254,183
252,254,184
252,254,185
252,254,186
252,254,187
252,254,188
252,254,189
252,254,190
252,254,191
252,254,192
252,254,193
252,254,194
252,254,195
252,254,196
252,254,197
252,254,198
252,254,199
252,254,200
252,254,201
252,254,202
252,254,203
252,254,204
252,254,205
252,254,206
252,254,207
252,254,208
252,255,125
252,255,126
252,255,127
252,255,128
252,255,129
252,255,130
252,255,131
252,255,132
252,255,133
252,255,134
252,255,135
252,255,136
252,255,137
252,255,138
252,255,139
252,255,140
252,255,141
252,255,142
252,255,143
252,255,144
252,255,145
252,255,146
252,255,147
252,255,148
252,255,149
252,255,150
252,255,151
252,255,152
252,255,153
252,255,154
252,255,155
252,255,156
252,255,157
252,255,158
252,255,159
252,255,160
252,255,161
252,255,162
252,255,163
252,255,164
252,255,165
252,255,166
252,255,167
252,255,168
252,255,169
252,255,170
252,255,171
252,255,172
252,255,173
252,255,174
252,255,175
252,255,176
252,255,177
252,255,178
252,255,179
252,255,180
252,255,181
252,255,182
252,255,183
252,255,184
252,255,185
252,255,186
252,255,187
252,255,188
252,255,189
252,255,190
252,255,191
252,255,192
252,255,193
252,255,194
252,255,195
253,246,251
253,246,252
253,246,253
253,246,254
253,246,255
253,247,240
253,247,241
253,247,242
253,247,243
253,247,244
253,247,245
253,247,246
253,247,247
253,247,248
253,247,249
253,247,250
253,247,251
253,247,252
253,247,253
253,247,254
253,247,255
253,248,229
253,248,230
253,248,231
253,248,232
253,248,233
253,248,234
253,248,235
253,248,236
253,248,237
253,248,238
253,248,239
253,248,240
253,248,241
253,248,242
253,248,243
253,248,244
253,248,245
253,248,246
253,248,247
253,248,248
253,248,249
253,248,250
253,248,251
253,248,252
253,248,253
253,248,254
253,248,255
253,249,218
253,249,219
253,249,220
253,249,221
253,249,222
253,249,223
253,249,224
253,249,225
253,249,226
253,249,227
253,249,228
253,249,229
253,249,230
253,249,231
253,249,232
253,249,233
253,249,234
253,249,235
253,249,236
253,249,237
253,249,238
253,249,239
253,249,240
253,249,241
253,249,242
253,249,243
253,249,244
253,249,245
253,249,246
253,249,247
253,249,248
253,249,249
253,249,250
253,249,251
253,249,252
253,249,253
253,249,254
253,249,255
253,250,206
253,250,207
253,250,208
253,250,209
253,250,210
253,250,211
253,250,212
253,250,213
253,250,214
253,250,215
253,250,216
253,250,217
253,250,218
253,250,219
253,250,220
253,250,221
253,250,222
253,250,223
253,250,224
253,250,225
253,250,226
253,250,227
253,250,228
253,250,229
253,250,230
253,250,231
253,250,232
253,250,233
253,250,234
253,250,235
253,250,236
253,250,237
253,250,238
253,250,239
253,250,240
253,250,241
253,250,242
253,250,243
253,250,244
253,250,245
253,250,246
253,250,247
253,250,248
253,250,249
253,250,250
253,251,192
253,251,193
253,251,194
253,251,195
253,251,196
253,251,197
253,251,198
253,251,199
253,251,200
253,251,201
253,251,202
253,251,203
253,251,204
253,251,205
253,251,206
253,251,207
253,251,208
253,251,209
253,251,210
253,251,211
253,251,212
253,251,213
253,251,214
253,251,215
253,251,216
253,251,217
253,251,218
253,251,219
253,251,220
253,251,221
253,251,222
253,251,223
253,251,224
253,251,225
253,251,226
253,251,227
253,251,228
253,251,229
253,251,230
253,251,231
253,251,232
253,251,233
253,251,234
253,251,235
253,251,236
253,251,237
253,251,238
253,251,239
253,251,240
253,252,177
253,252,178
253,252,179
253,252,180
253,252,181
253,252,182
253,252,183
253,252,184
253,252,185
253,252,186
253,252,187
253,252,188
253,252,189
253,252,190
253,252,191
253,252,192
253,252,193
253,252,194
253,252,195
253,252,196
253,252,197
253,252,198
253,252,199
253,252,200
253,252,201
253,252,202
253,252,203
253,252,204
253,252,205
253,252,206
253,252,207
253,252,208
253,252,209
253,252,210
253,252,211
253,252,212
253,252,213
253,252,214
253,252,215
253,252,216
253,252,217
253,252,218
253,252,219
253,252,220
253,252,221
253,252,222
253,252,223
253,252,224
253,252,225
253,252,226
253,252,227
253,252,228
253,252,229
253,253,161
253,253,162
253,253,163
253,253,164
253,253,165
253,253,166
253,253,167
253,253,168
253,253,169
253,253,170
253,253,171
253,253,172
253,253,173
253,253,174
253,253,175
253,253,176
253,253,177
253,253,178
253,253,179
253,253,180
253,253,181
253,253,182
253,253,183
253,253,184
253,253,185
253,253,186
253,253,187
253,253,188
253,253,189
253,253,190
253,253,191
253,253,192
253,253,193
253,253,194
253,253,195
253,253,196
253,253,197
253,253,198
253,253,199
253,253,200
253,253,201
253,253,202
253,253,203
253,253,204
253,253,205
253,253,206
253,253,207
253,253,208
253,253,209
253,253,210
253,253,211
253,253,212
253,253,213
253,253,214
253,253,215
253,253,216
253,253,217
253,254,141
253,254,142
253,254,143
253,254,144
253,254,145
253,254,146
253,254,147
253,254,148
253,254,149
253,254,150
253,254,151
253,254,152
253,254,153
253,254,154
253,254,155
253,254,156
253,254,157
253,254,158
253,254,159
253,254,160
253,254,161
253,254,162
253,254,163
253,254,164
253,254,165
253,254,166
253,254,167
253,254,168
253,254,169
253,254,170
253,254,171
253,254,172
253,254,173
253,254,174
253,254,175
253,254,176
253,254,177
253,254,178
253,254,179
253,254,180
253,254,181
253,254,182
253,254,183
253,254,184
253,254,185
253,254,186
253,254,187
253,254,188
253,254,189
253,254,190
253,254,191
253,254,192
253,254,193
253,254,194
253,254,195
253,254,196
253,254,197
253,254,198
253,254,199
253,254,200
253,254,201
253,254,202
253,254,203
253,254,204
253,255,117
253,255,118
253,255,119
253,255,120
253,255,121
253,255,122
253,255,123
253,255,124
253,255,125
253,255,126
253,255,127
253,255,128
253,255,129
253,255,130
253,255,131
253,255,132
253,255,133
253,255,134
253,255,135
253,255,136
253,255,137
253,255,138
253,255,139
253,255,140
253,255,141
253,255,142
253,255,143
253,255,144
253,255,145
253,255,146
253,255,147
253,255,148
253,255,149
253,255,150
253,255,151
253,255,152
253,255,153
253,255,154
253,255,155
253,255,156
253,255,157
253,255,158
253,255,159
253,255,160
253,255,161
253,255,162
253,255,163
253,255,164
253,255,165
253,255,166
253,255,167
253,255,168
253,255,169
253,255,170
253,255,171
253,255,172
253,255,173
253,255,174
253,255,175
253,255,176
253,255,177
253,255,178
253,255,179
253,255,180
253,255,181
253,255,182
253,255,183
253,255,184
253,255,185
253,255,186
253,255,187
253,255,188
253,255,189
253,255,190
253,255,191
254,246,248
254,246,249
254,246,250
254,246,251
254,246,252
254,246,253
254,246,254
254,246,255
254,247,237
254,247,238
254,247,239
254,247,240
254,247,241
254,247,242
254,247,243
254,247,244
254,247,245
254,247,246
254,247,247
254,247,248
254,247,249
254,247,250
254,247,251
254,247,252
254,247,253
254,247,254
254,247,255
254,248,226
254,248,227
254,248,228
254,248,229
254,248,230
254,248,231
254,248,232
254,248,233
254,248,234
254,248,235
254,248,236
254,248,237
254,248,238
254,248,239
254,248,240
254,248,241
254,248,242
254,248,243
254,248,244
254,248,245
254,248,246
254,248,247
254,248,248
254,248,249
254,248,250
254,248,251
254,248,252
254,248,253
254,248,254
254,248,255
254,249,214
254,249,215
254,249,216
254,249,217
254,249,218
254,249,219
254,249,220
254,249,221
254,249,222
254,249,223
254,249,224
254,249,225
254,249,226
254,249,227
254,249,228
254,249,229
254,249,230
254,249,231
254,249,232
254,249,233
254,249,234
254,249,235
254,249,236
254,249,237
254,249,238
254,249,239
254,249,240
254,249,241
254,249,242
254,249,243
254,249,244
254,249,245
254,249,246
254,249,247
254,249,248
254,249,249
254,249,250
254,249,251
254,249,252
254,249,253
254,249,254
254,249,255
254,250,202
254,250,203
254,250,204
254,250,205
254,250,206
254,250,207
254,250,208
254,250,209
254,250,210
254,250,211
254,250,212
254,250,213
254,250,214
254,250,215
254,250,216
254,250,217
254,250,218
254,250,219
254,250,220
254,250,221
254,250,222
254,250,223
254,250,224
254,250,225
254,250,226
254,250,227
254,250,228
254,250,229
254,250,230
254,250,231
254,250,232
254,250,233
254,250,234
254,250,235
254,250,236
254,250,237
254,250,238
254,250,239
254,250,240
254,250,241
254,250,242
254,250,243
254,250,244
254,250,245
254,250,246
254,250,247
254,251,188
254,251,189
254,251,190
254,251,191
254,251,192
254,251,193
254,251,194
254,251,195
254,251,196
254,251,197
254,251,198
254,251,199
254,251,200
254,251,201
254,251,202
254,251,203
254,251,204
254,251,205
254,251,206
254,251,207
254,251,208
254,251,209
254,251,210
254,251,211
254,251,212
254,251,213
254,251,214
254,251,215
254,251,216
254,251,217
254,251,218
254,251,219
254,251,220
254,251,221
254,251,222
254,251,223
254,251,224
254,251,225
254,251,226
254,251,227
254,251,228
254,251,229
254,251,230
254,251,231
254,251,232
254,251,233
254,251,234
254,251,235
254,251,236
254,252,173
254,252,174
254,252,175
254,252,176
254,252,177
254,252,178
254,252,179
254,252,180
254,252,181
254,252,182
254,252,183
254,252,184
254,252,185
254,252,186
254,252,187
254,252,188
254,252,189
254,252,190
254,252,191
254,252,192
254,252,193
254,252,194
254,252,195
254,252,196
254,252,197
254,252,198
254,252,199
254,252,200
254,252,201
254,252,202
254,252,203
254,252,204
254,252,205
254,252,206
254,252,207
254,252,208
254,252,209
254,252,210
254,252,211
254,252,212
254,252,213
254,252,214
254,252,215
254,252,216
254,252,217
254,252,218
254,252,219
254,252,220
254,252,221
254,252,222
254,252,223
254,252,224
254,252,225
254,253,155
254,253,156
254,253,157
254,253,158
254,253,159
254,253,160
254,253,161
254,253,162
254,253,163
254,253,164
254,253,165
254,253,166
254,253,167
254,253,168
254,253,169
254,253,170
254,253,171
254,253,172
254,253,173
254,253,174
254,253,175
254,253,176
254,253,177
254,253,178
254,253,179
254,253,180
254,253,181
254,253,182
254,253,183
254,253,184
254,253,185
254,253,186
254,253,187
254,253,188
254,253,189
254,253,190
254,253,191
254,253,192
254,253,193
254,253,194
254,253,195
254,253,196
254,253,197
254,253,198
254,253,199
254,253,200
254,253,201
254,253,202
254,253,203
254,253,204
254,253,205
254,253,206
254,253,207
254,253,208
254,253,209
254,253,210
254,253,211
254,253,212
254,253,213
254,254,134
254,254,135
254,254,136
254,254,137
254,254,138
254,254,139
254,254,140
254,254,141
254,254,142
254,254,143
254,254,144
254,254,145
254,254,146
254,254,147
254,254,148
254,254,149
254,254,150
254,254,151
254,254,152
254,254,153
254,254,154
254,254,155
254,254,156
254,254,157
254,254,158
254,254,159
254,254,160
254,254,161
254,254,162
254,254,163
254,254,164
254,254,165
254,254,166
254,254,167
254,254,168
254,254,169
254,254,170
254,254,171
254,254,172
254,254,173
254,254,174
254,254,175
254,254,176
254,254,177
254,254,178
254,254,179
254,254,180
254,254,181
254,254,182
254,254,183
254,254,184
254,254,185
254,254,186
254,254,187
254,254,188
254,254,189
254,254,190
254,254,191
254,254,192
254,254,193
254,254,194
254,254,195
254,254,196
254,254,197
254,254,198
254,254,199
254,254,200
254,255,108
254,255,109
254,255,110
254,255,111
254,255,112
254,255,113
254,255,114
254,255,115
254,255,116
254,255,117
254,255,118
254,255,119
254,255,120
254,255,121
254,255,122
254,255,123
254,255,124
254,255,125
254,255,126
254,255,127
254,255,128
254,255,129
254,255,130
254,255,131
254,255,132
254,255,133
254,255,134
254,255,135
254,255,136
254,255,137
254,255,138
254,255,139
254,255,140
254,255,141
254,255,142
254,255,143
254,255,144
254,255,145
254,255,146
254,255,147
254,255,148
254,255,149
254,255,150
254,255,151
254,255,152
254,255,153
254,255,154
254,255,155
254,255,156
254,255,157
254,255,158
254,255,159
254,255,160
254,255,161
254,255,162
254,255,163
254,255,164
254,255,165
254,255,166
254,255,167
254,255,168
254,255,169
254,255,170
254,255,171
254,255,172
254,255,173
254,255,174
254,255,175
254,255,176
254,255,177
254,255,178
254,255,179
254,255,180
254,255,181
254,255,182
254,255,183
254,255,184
254,255,185
254,255,186
255,245,255
255,246,244
255,246,245
255,246,246
255,246,247
255,246,248
255,246,249
255,246,250
255,246,251
255,246,252
255,246,253
255,246,254
255,246,255
255,247,234
255,247,235
255,247,236
255,247,237
255,247,238
255,247,239
255,247,240
255,247,241
255,247,242
255,247,243
255,247,244
255,247,245
255,247,246
255,247,247
255,247,248
255,247,249
255,247,250
255,247,251
255,247,252
255,247,253
255,247,254
255,247,255
255,248,223
255,248,224
255,248,225
255,248,226
255,248,227
255,248,228
255,248,229
255,248,230
255,248,231
255,248,232
255,248,233
255,248,234
255,248,235
255,248,236
255,248,237
255,248,238
255,248,239
255,248,240
255,248,241
255,248,242
255,248,243
255,248,244
255,248,245
255,248,246
255,248,247
255,248,248
255,248,249
255,248,250
255,248,251
255,248,252
255,248,253
255,248,254
255,248,255
255,249,211
255,249,212
255,249,213
255,249,214
255,249,215
255,249,216
255,249,217
255,249,218
255,249,219
255,249,220
255,249,221
255,249,222
255,249,223
255,249,224
255,249,225
255,249,226
255,249,227
255,249,228
255,249,229
255,249,230
255,249,231
255,249,232
255,249,233
255,249,234
255,249,235
255,249,236
255,249,237
255,249,238
255,249,239
255,249,240
255,249,241
255,249,242
255,249,243
255,249,244
255,249,245
255,249,246
255,249,247
255,249,248
255,249,249
255,249,250
255,249,251
255,249,252
255,249,253
255,249,254
255,250,198
255,250,199
255,250,200
255,250,201
255,250,202
255,250,203
255,250,204
255,250,205
255,250,206
255,250,207
255,250,208
255,250,209
255,250,210
255,250,211
255,250,212
255,250,213
255,250,214
255,250,215
255,250,216
255,250,217
255,250,218
255,250,219
255,250,220
255,250,221
255,250,222
255,250,223
255,250,224
255,250,225
255,250,226
255,250,227
255,250,228
255,250,229
255,250,230
255,250,231
255,250,232
255,250,233
255,250,234
255,250,235
255,250,236
255,250,237
255,250,238
255,250,239
255,250,240
255,250,241
255,250,242
255,250,243
255,250,244
255,251,183
255,251,184
255,251,185
255,251,186
255,251,187
255,251,188
255,251,189
255,251,190
255,251,191
255,251,192
255,251,193
255,251,194
255,251,195
255,251,196
255,251,197
255,251,198
255,251,199
255,251,200
255,251,201
255,251,202
255,251,203
255,251,204
255,251,205
255,251,206
255,251,207
255,251,208
255,251,209
255,251,210
255,251,211
255,251,212
255,251,213
255,251,214
255,251,215
255,251,216
255,251,217
255,251,218
255,251,219
255,251,220
255,251,221
255,251,222
255,251,223
255,251,224
255,251,225
255,251,226
255,251,227
255,251,228
255,251,229
255,251,230
255,251,231
255,251,232
255,251,233
255,252,168
255,252,169
255,252,170
255,252,171
255,252,172
255,252,173
255,252,174
255,252,175
255,252,176
255,252,177
255,252,178
255,252,179
255,252,180
255,252,181
255,252,182
255,252,183
255,252,184
255,252,185
255,252,186
255,252,187
255,252,188
255,252,189
255,252,190
255,252,191
255,252,192
255,252,193
255,252,194
255,252,195
255,252,196
255,252,197
255,252,198
255,252,199
255,252,200
255,252,201
255,252,202
255,252,203
255,252,204
255,252,205
255,252,206
255,252,207
255,252,208
255,252,209
255,252,210
255,252,211
255,252,212
255,252,213
255,252,214
255,252,215
255,252,216
255,252,217
255,252,218
255,252,219
255,252,220
255,252,221
255,252,222
255,253,149
255,253,150
255,253,151
255,253,152
255,253,153
255,253,154
255,253,155
255,253,156
255,253,157
255,253,158
255,253,159
255,253,160
255,253,161
255,253,162
255,253,163
255,253,164
255,253,165
255,253,166
255,253,167
255,253,168
255,253,169
255,253,170
255,253,171
255,253,172
255,253,173
255,253,174
255,253,175
255,253,176
255,253,177
255,253,178
255,253,179
255,253,180
255,253,181
255,253,182
255,253,183
255,253,184
255,253,185
255,253,186
255,253,187
255,253,188
255,253,189
255,253,190
255,253,191
255,253,192
255,253,193
255,253,194
255,253,195
255,253,196
255,253,197
255,253,198
255,253,199
255,253,200
255,253,201
255,253,202
255,253,203
255,253,204
255,253,205
255,253,206
255,253,207
255,253,208
255,253,209
255,253,210
255,254,127
255,254,128
255,254,129
255,254,130
255,254,131
255,254,132
255,254,133
255,254,134
255,254,135
255,254,136
255,254,137
255,254,138
255,254,139
255,254,140
255,254,141
255,254,142
255,254,143
255,254,144
255,254,145
255,254,146
255,254,147
255,254,148
255,254,149
255,254,150
255,254,151
255,254,152
255,254,153
255,254,154
255,254,155
255,254,156
255,254,157
255,254,158
255,254,159
255,254,160
255,254,161
255,254,162
255,254,163
255,254,164
255,254,165
255,254,166
255,254,167
255,254,168
255,254,169
255,254,170
255,254,171
255,254,172
255,254,173
255,254,174
255,254,175
255,254,176
255,254,177
255,254,178
255,254,179
255,254,180
255,254,181
255,254,182
255,254,183
255,254,184
255,254,185
255,254,186
255,254,187
255,254,188
255,254,189
255,254,190
255,254,191
255,254,192
255,254,193
255,254,194
255,254,195
255,254,196
255,255,99
255,255,100
255,255,101
255,255,102
255,255,103
255,255,104
255,255,105
255,255,106
255,255,107
255,255,108
255,255,109
255,255,110
255,255,111
255,255,112
255,255,113
255,255,114
255,255,115
255,255,116
255,255,117
255,255,118
255,255,119
255,255,120
255,255,121
255,255,122
255,255,123
255,255,124
255,255,125
255,255,126
255,255,127
255,255,128
255,255,129
255,255,130
255,255,131
255,255,132
255,255,133
255,255,134
255,255,135
255,255,136
255,255,137
255,255,138
255,255,139
255,255,140
255,255,141
255,255,142
255,255,143
255,255,144
255,255,145
255,255,146
255,255,147
255,255,148
255,255,149
255,255,150
255,255,151
255,255,152
255,255,153
255,255,154
255,255,155
255,255,156
255,255,157
255,255,158
255,255,159
255,255,160
255,255,161
255,255,162
255,255,163
255,255,164
255,255,165
255,255,166
255,255,167
255,255,168
255,255,169
255,255,170
255,255,171
255,255,172
255,255,173
255,255,174
255,255,175
255,255,176
255,255,177
255,255,178
255,255,179
255,255,180
255,255,181
255,255,182
